322.00	52.0	0	0	0	0	0
1000.	7.958	-11.041	6.38	3.8852	-0.0384	-28.
950.	9.470	-13.598	2.77	3.5502	0.0722	391.
925.	9.461	-13.730	0.64	3.5126	0.1208	606.
900.	9.465	-13.509	-1.39	3.2799	0.1544	825.
850.	9.648	-12.789	-4.99	2.4722	0.1552	1278.
800.	10.813	-13.877	-4.92	1.1867	0.1862	1754.
700.	13.396	-12.005	-11.47	1.3890	0.1124	2793.
600.	13.929	-7.899	-18.64	0.7765	0.1689	3957.
500.	13.832	-2.976	-26.79	0.3722	0.1840	5294.
400.	7.136	5.963	-37.11	0.0879	0.1028	6867.
300.	-7.169	20.298	-47.76	0.1112	-0.0587	8820.
250.	4.711	13.076	-49.33	0.0136	-0.0149	10013.
200.	11.436	4.146	-45.64	0.0053	0.0575	11492.
150.	11.372	3.414	-48.80	0.0031	-0.0016	13398.
323.00	52.0	0	0	0	0	0
1000.	8.785	-12.462	6.88	3.9529	-0.0253	-46.
950.	11.265	-16.387	3.34	3.5347	0.0498	373.
925.	11.495	-16.990	1.30	3.5037	0.1150	589.
900.	11.303	-17.081	-0.74	3.4017	0.1798	809.
850.	9.911	-16.092	-4.58	2.3716	0.2559	1262.
800.	10.603	-17.859	-4.32	0.5244	0.2097	1740.
700.	12.430	-14.664	-10.76	1.0360	0.1467	2780.
600.	12.982	-11.423	-18.05	0.5643	0.0395	3947.
500.	13.093	-6.345	-25.77	0.3134	-0.0179	5291.
400.	1.314	7.864	-33.60	0.2943	-0.1946	6877.
300.	-5.296	13.859	-47.56	0.1067	-0.1839	8840.
250.	1.930	12.503	-51.36	0.0202	-0.0069	10027.
200.	10.515	5.666	-46.25	0.0048	0.0263	11500.
150.	11.131	5.494	-48.76	0.0032	0.0131	13403.
324.00	52.0	0	0	0	0	0
1000.	8.834	-15.456	7.33	4.2319	-0.0168	-69.
950.	11.347	-20.955	3.83	3.6380	-0.0417	351.
925.	11.452	-21.443	1.70	3.5624	-0.0700	568.
900.	11.718	-21.407	-0.42	3.4792	-0.0966	788.
850.	11.264	-19.283	-4.34	2.9099	-0.0917	1242.
800.	10.222	-20.533	-4.18	0.5110	-0.0561	1719.
700.	12.219	-19.882	-10.11	0.4245	-0.1495	2763.
600.	13.474	-15.330	-16.74	0.4883	0.1222	3933.
500.	12.142	-8.099	-24.55	0.3574	0.0945	5285.
400.	-3.813	3.643	-32.03	0.4769	-0.3180	6886.
300.	-2.878	6.337	-47.72	0.1041	-0.1119	8851.
250.	2.721	7.978	-52.08	0.0339	-0.0031	10039.
200.	8.902	6.918	-46.63	0.0046	0.0454	11509.
150.	9.975	6.963	-48.63	0.0033	0.0396	13409.
325.00	52.0	0	0	0	0	0
1000.	10.394	-14.805	7.21	4.7442	-0.0162	-94.
950.	14.194	-21.191	3.73	4.1982	0.1651	325.
925.	14.499	-23.092	1.53	4.0499	0.3237	541.
900.	13.661	-25.888	-0.63	3.6790	0.4493	761.
850.	11.140	-25.275	-3.56	2.1048	0.4372	1216.
800.	8.877	-24.072	-4.44	1.3202	0.2754	1694.
700.	13.199	-25.368	-9.68	0.6499	0.0815	2737.
600.	12.220	-18.574	-14.99	0.9700	-0.2948	3914.
500.	9.911	-11.894	-22.49	0.9944	-0.2950	5273.
400.	-1.507	0.627	-31.17	0.5202	-0.4165	6888.
300.	-4.589	-0.106	-48.06	0.1033	0.0474	8855.
250.	4.338	4.033	-50.74	0.0467	0.0718	10044.
200.	8.245	6.858	-46.61	0.0045	0.0549	11518.
150.	8.018	8.839	-49.12	0.0033	-0.0151	13419.
326.00	52.0	0	0	0	0	0
1000.	11.036	-17.933	7.79	5.0241	-0.0467	-133.
950.	15.202	-25.869	4.52	4.5347	-0.1967	288.
925.	15.117	-27.189	2.27	4.4469	-0.3095	505.
900.	13.711	-26.856	0.92	4.1518	-0.3587	726.
850.	12.447	-26.643	-1.75	3.5417	-0.1867	1183.
800.	11.362	-28.637	-4.27	3.1244	0.1397	1663.
700.	9.531	-27.357	-8.71	2.5971	0.1572	2707.
600.	10.624	-20.530	-14.07	1.8875	-0.3020	3890.
500.	4.440	-10.398	-19.88	1.3142	-0.7795	5258.
400.	1.738	-7.488	-30.87	0.5388	-0.5960	6881.
300.	-3.242	-6.323	-48.10	0.1039	0.0144	8851.
250.	5.231	1.996	-48.23	0.0466	0.0224	10047.
200.	7.517	7.961	-45.86	0.0042	0.0131	11529.
150.	6.487	10.295	-49.36	0.0034	0.0029	13429.
327.00	52.0	0	0	0	0	0
1000.	11.908	-19.696	7.21	5.1796	-0.0236	-171.
950.	16.652	-28.355	3.63	4.7230	0.1714	248.
925.	17.342	-29.660	1.91	4.6436	0.3826	464.
900.	17.221	-30.040	0.44	4.5103	0.5302	685.
850.	13.258	-36.199	-1.92	4.0324	0.4267	1141.
800.	8.407	-32.916	-3.37	3.6586	-0.2417	1622.
700.	4.490	-16.890	-6.31	3.1173	-1.1791	2673.
600.	5.191	-9.907	-11.87	2.4232	-1.3578	3867.
500.	4.827	-9.654	-19.72	1.2914	-1.3439	5242.
400.	2.927	-10.039	-31.75	0.4969	-0.3328	6861.
300.	-0.554	-13.087	-46.33	0.1257	-0.0448	8829.
250.	5.235	3.824	-43.99	0.0103	0.0259	10047.
200.	5.630	9.988	-45.82	0.0042	0.0049	11539.
150.	4.799	11.788	-49.85	0.0034	0.0200	13439.
328.00	52.0	0	0	0	0	0
1000.	9.329	-16.680	9.51	5.7141	-0.0713	-230.
950.	11.414	-22.242	6.55	5.3553	-0.6654	193.
925.	10.891	-24.328	4.59	5.2578	-1.4482	412.
900.	9.296	-25.267	3.45	5.0318	-2.1729	635.
850.	3.191	-22.125	1.99	5.4088	-2.9417	1098.
800.	-1.388	-12.016	0.72	5.1149	-2.6549	1587.
700.	-0.197	-2.000	-4.05	3.8234	-1.4312	2652.
600.	2.206	-1.713	-12.17	2.1835	-0.6369	3851.
500.	3.594	-2.815	-20.86	1.2278	-0.4555	5223.
400.	4.738	-2.308	-33.25	0.4277	-0.3057	6834.
300.	4.305	4.013	-39.76	0.0076	-0.0754	8807.
250.	2.373	10.175	-41.42	0.0103	-0.0714	10055.
200.	5.041	10.647	-45.91	0.0044	0.0404	11550.
150.	5.886	13.881	-49.92	0.0033	0.0242	13449.
329.00	52.0	0	0	0	0	0
1000.	-4.981	1.151	14.76	8.3150	-0.0222	-262.
950.	-6.219	4.115	11.95	7.7161	-0.3680	169.
925.	-4.964	5.922	10.47	6.9844	-0.8200	392.
900.	-3.769	6.450	8.56	6.6335	-1.1165	620.
850.	-0.601	6.244	4.62	5.6651	-1.2649	1090.
800.	1.932	4.885	2.07	5.2839	-1.2382	1582.
700.	1.776	4.532	-4.00	3.5149	-0.7233	2650.
600.	1.676	7.189	-11.43	2.0373	-0.2427	3850.
500.	3.976	13.577	-19.93	1.1099	-0.1310	5227.
400.	5.341	17.598	-32.12	0.4596	0.0647	6844.
300.	5.477	19.806	-38.79	0.0387	0.1149	8833.
250.	4.539	18.326	-43.26	0.0134	0.0071	10072.
200.	3.769	12.306	-46.37	0.0045	-0.0655	11566.
150.	5.608	15.566	-49.99	0.0034	0.0365	13460.
330.00	52.0	0	0	0	0	0
1000.	2.388	1.776	14.29	8.2371	-0.0245	-259.
950.	4.216	3.084	11.51	6.8545	0.0219	172.
925.	5.307	4.287	10.02	6.4742	0.0976	395.
900.	5.181	4.515	8.32	6.0128	0.1372	622.
850.	2.798	6.471	4.62	5.5461	0.1605	1092.
800.	2.895	9.981	2.90	5.3843	0.1337	1585.
700.	3.737	12.369	-2.73	3.4987	-0.0165	2657.
600.	1.862	13.632	-9.25	1.4685	-0.3285	3864.
500.	3.951	17.361	-17.20	0.5840	-0.1818	5255.
400.	4.241	25.897	-29.76	0.2926	0.0113	6886.
300.	0.825	26.423	-42.99	0.1052	-0.1505	8882.
250.	3.182	19.623	-45.70	0.0110	0.0623	10096.
200.	5.186	15.117	-46.96	0.0044	-0.0416	11582.
150.	5.791	17.038	-50.38	0.0036	0.0457	13472.
331.00	52.0	0	0	0	0	0
1000.	-0.078	12.832	14.95	8.4729	-0.0401	-251.
950.	1.071	17.016	12.11	8.3288	-0.1665	180.
925.	2.294	17.766	10.57	8.2368	-0.3427	403.
900.	2.872	18.101	8.97	7.6892	-0.4355	632.
850.	3.136	17.781	5.68	6.6853	-0.3357	1103.
800.	3.972	16.912	3.38	6.1127	-0.1676	1598.
700.	2.796	16.493	-2.16	3.3253	-0.0939	2671.
600.	0.998	20.309	-8.10	2.6593	-0.3149	3884.
500.	1.365	21.479	-16.41	1.4212	-0.1261	5281.
400.	3.425	26.053	-28.12	0.4251	-0.0692	6921.
300.	2.022	25.716	-44.25	0.0792	-0.0371	8918.
250.	1.051	20.263	-48.33	0.0130	-0.0522	10123.
200.	4.907	17.505	-47.16	0.0045	0.0225	11597.
150.	5.720	19.040	-50.70	0.0037	0.0579	13486.
332.00	52.0	0	0	0	0	0
1000.	-4.583	15.522	14.50	7.9243	-0.0582	-223.
950.	-5.352	21.766	11.54	7.5845	-0.1167	208.
925.	-4.385	23.877	9.56	7.2834	-0.1722	430.
900.	-2.372	24.456	7.63	6.7648	-0.2278	658.
850.	0.332	23.066	4.29	5.8642	-0.3384	1127.
800.	1.077	22.326	2.26	5.3987	-0.3974	1619.
700.	-0.956	22.405	-1.11	4.0253	-0.3262	2692.
600.	-0.657	22.766	-7.76	2.7605	-0.0619	3909.
500.	2.563	22.917	-15.93	1.3775	-0.1117	5307.
400.	6.753	20.674	-28.87	0.5736	-0.1282	6948.
300.	4.063	20.019	-44.15	0.0999	-0.0341	8941.
250.	0.442	22.400	-48.51	0.0155	-0.0630	10149.
200.	4.326	19.790	-48.03	0.0056	0.0018	11617.
150.	5.152	20.428	-51.41	0.0038	0.0520	13502.
333.00	52.0	0	0	0	0	0
1000.	-4.995	16.782	14.96	8.1419	-0.0695	-196.
950.	-6.157	24.414	11.97	7.8594	-0.0879	236.
925.	-5.098	26.738	10.17	7.5042	-0.1035	459.
900.	-3.748	28.026	8.27	7.0428	-0.1386	686.
850.	-0.746	28.705	4.18	5.9052	-0.2244	1156.
800.	1.052	27.934	1.09	5.2043	-0.2763	1647.
700.	-0.987	30.237	-0.33	3.7000	-0.4907	2720.
600.	0.784	28.176	-8.22	2.8525	-0.3047	3937.
500.	3.673	23.067	-16.94	1.3942	-0.0436	5330.
400.	7.224	20.901	-28.85	0.4118	-0.0952	6967.
300.	3.379	21.831	-43.14	0.0230	-0.0577	8962.
250.	1.199	24.507	-48.69	0.0183	0.0290	10174.
200.	4.137	21.016	-48.79	0.0071	-0.0388	11640.
150.	5.343	20.766	-52.09	0.0039	0.0645	13518.
322.00	53.0	0	0	0	0	0
1000.	6.820	-11.234	6.08	3.6892	-0.0297	-37.
950.	8.095	-14.043	2.52	3.3480	0.0429	381.
925.	8.054	-14.408	0.43	3.3323	0.0637	596.
900.	7.739	-14.075	-1.58	3.2803	0.0713	816.
850.	7.456	-13.174	-5.18	2.6231	0.1076	1268.
800.	8.667	-13.615	-5.66	1.0819	0.1623	1743.
700.	10.356	-11.091	-11.55	1.2181	0.1096	2780.
600.	10.556	-7.166	-19.33	0.5776	0.1952	3943.
500.	12.302	-1.243	-26.48	0.3067	0.1494	5280.
400.	2.646	11.993	-35.63	0.1133	0.0505	6856.
300.	-9.283	22.431	-47.55	0.1065	-0.0361	8816.
250.	0.762	18.382	-50.95	0.0178	0.0238	10004.
200.	8.934	5.614	-46.15	0.0055	0.0394	11478.
150.	8.921	4.100	-48.49	0.0031	-0.0067	13383.
323.00	53.0	0	0	0	0	0
1000.	7.040	-12.779	6.74	3.8916	-0.0263	-55.
950.	8.760	-16.654	3.29	3.4568	-0.0081	364.
925.	8.795	-17.160	1.19	3.3807	0.0403	579.
900.	8.650	-17.604	-0.93	3.2062	0.1005	799.
850.	7.495	-16.475	-4.82	2.5799	0.1849	1252.
800.	7.745	-17.127	-5.22	0.4733	0.1254	1729.
700.	9.508	-13.736	-10.60	0.6711	0.0391	2768.
600.	9.431	-10.289	-18.66	0.4005	0.0002	3936.
500.	10.992	-4.391	-25.67	0.3422	0.0560	5279.
400.	-4.149	10.797	-32.65	0.4382	-0.3161	6870.
300.	-9.083	14.669	-47.66	0.1065	-0.1618	8835.
250.	-1.779	15.332	-53.39	0.0403	0.0016	10020.
200.	8.290	7.736	-46.49	0.0045	0.0411	11486.
150.	8.339	6.057	-48.50	0.0031	0.0180	13389.
324.00	53.0	0	0	0	0	0
1000.	6.766	-16.029	7.03	3.8816	-0.0318	-76.
950.	8.788	-21.797	3.54	3.4918	-0.0060	343.
925.	8.908	-22.400	1.51	3.4732	-0.0051	559.
900.	8.953	-22.263	-0.56	3.3964	0.0055	779.
850.	8.399	-19.699	-4.64	2.7402	0.0958	1233.
800.	6.345	-21.070	-5.14	0.5748	0.1523	1709.
700.	8.917	-20.623	-10.13	0.4076	-0.1244	2752.
600.	9.721	-14.763	-16.75	0.5189	0.1505	3921.
500.	8.864	-6.900	-24.05	0.4101	0.1730	5274.
400.	-8.243	7.526	-31.60	0.5038	-0.4529	6879.
300.	-9.339	10.530	-48.02	0.1017	-0.0766	8847.
250.	-0.629	10.746	-52.68	0.0591	0.0240	10033.
200.	6.400	8.870	-47.21	0.0047	0.0550	11497.
150.	7.495	8.013	-48.52	0.0032	0.0308	13396.
325.00	53.0	0	0	0	0	0
1000.	7.618	-16.112	6.96	4.4696	-0.0345	-104.
950.	10.166	-22.666	3.58	3.9408	0.0653	316.
925.	10.340	-24.209	1.31	3.8256	0.1644	532.
900.	9.695	-26.306	-0.74	3.5416	0.2210	752.
850.	7.761	-25.607	-3.89	2.2204	0.2335	1206.
800.	5.285	-24.414	-4.80	1.3497	0.1850	1683.
700.	9.045	-25.663	-9.56	0.8615	0.3458	2726.
600.	7.517	-17.057	-14.61	1.2296	-0.2720	3904.
500.	3.099	-7.694	-21.46	1.1031	-0.6449	5266.
400.	-7.051	4.002	-30.85	0.5411	-0.6374	6885.
300.	-13.002	6.196	-48.29	0.1030	-0.0587	8855.
250.	-3.218	8.755	-50.77	0.0569	0.0010	10040.
200.	6.157	9.576	-47.16	0.0045	0.0379	11508.
150.	6.116	10.107	-48.70	0.0032	0.0054	13407.
326.00	53.0	0	0	0	0	0
1000.	8.113	-19.539	7.22	4.9369	-0.0526	-140.
950.	11.093	-28.082	3.89	4.4414	-0.1914	280.
925.	10.703	-28.809	1.89	4.3296	-0.2880	496.
900.	9.347	-27.288	0.48	4.2464	-0.2994	717.
850.	8.780	-27.469	-2.45	3.6924	-0.1331	1174.
800.	7.274	-29.947	-4.55	3.0048	0.0368	1653.
700.	2.716	-25.527	-8.31	2.7968	-0.3328	2697.
600.	2.561	-15.615	-13.22	2.0241	-0.7870	3884.
500.	-5.044	-5.230	-18.83	1.4709	-1.3339	5258.
400.	-10.141	-0.964	-30.63	0.5539	-1.0374	6884.
300.	-11.232	0.062	-47.48	0.1110	-0.3821	8856.
250.	-8.849	9.929	-49.27	0.0467	-0.0732	10045.
200.	4.699	10.675	-46.53	0.0043	0.0485	11519.
150.	4.185	10.959	-49.35	0.0033	-0.0095	13418.
327.00	53.0	0	0	0	0	0
1000.	7.084	-20.672	6.94	5.1367	-0.0495	-180.
950.	9.496	-29.224	3.34	4.8250	-0.0446	239.
925.	10.093	-30.734	1.67	4.6374	-0.0591	455.
900.	10.277	-32.374	0.13	4.3752	-0.1275	675.
850.	4.680	-37.871	-1.84	4.0624	-0.5921	1132.
800.	0.839	-31.033	-2.73	3.6043	-1.3233	1613.
700.	-2.692	-13.245	-5.70	3.6495	-1.9716	2667.
600.	-3.906	-6.569	-10.09	2.8054	-2.0351	3867.
500.	-9.723	-2.357	-18.26	1.5220	-1.9768	5251.
400.	-10.628	-2.513	-30.34	0.5659	-1.4226	6879.
300.	-13.925	2.072	-46.79	0.1240	-0.5124	8855.
250.	-12.990	11.328	-48.22	0.0492	-0.1693	10050.
200.	3.371	11.468	-46.79	0.0049	0.0061	11532.
150.	4.125	12.010	-49.98	0.0034	0.0147	13429.
328.00	53.0	0	0	0	0	0
1000.	7.650	-18.034	8.73	5.7468	-0.0523	-228.
950.	9.673	-25.607	5.86	5.4256	-0.1513	194.
925.	8.065	-27.291	4.22	5.3505	-0.2536	412.
900.	5.534	-26.167	3.53	5.2535	-0.4329	635.
850.	-0.655	-16.686	2.57	5.7442	-0.7190	1098.
800.	-1.821	-4.773	1.06	5.1184	-0.6018	1588.
700.	-2.587	1.194	-3.42	3.8708	-0.7614	2654.
600.	-8.579	0.758	-9.45	2.9003	-1.3459	3860.
500.	-11.337	2.492	-18.37	1.5108	-1.2706	5247.
400.	-14.995	2.022	-30.57	0.5761	-1.2423	6871.
300.	-19.802	8.228	-45.02	0.1593	-0.7052	8851.
250.	-8.588	14.775	-46.31	0.0332	-0.2121	10061.
200.	2.999	12.868	-46.79	0.0051	0.0177	11545.
150.	4.429	13.677	-49.77	0.0033	-0.0220	13441.
329.00	53.0	0	0	0	0	0
1000.	1.507	1.244	13.60	8.2011	-0.0465	-256.
950.	2.412	1.326	10.79	7.0435	-0.0744	174.
925.	2.526	2.674	9.70	6.2167	-0.0849	396.
900.	2.503	4.454	8.48	5.8247	-0.0721	623.
850.	1.762	6.117	5.53	5.7361	-0.2115	1094.
800.	-0.407	5.014	2.16	5.3403	-0.6659	1587.
700.	-6.035	4.669	-3.08	4.3094	-1.7783	2656.
600.	-8.408	8.261	-9.39	2.9500	-1.8664	3864.
500.	-10.846	9.877	-18.58	1.4902	-1.3807	5249.
400.	-15.503	14.940	-29.92	0.5612	-0.8560	6877.
300.	-18.527	18.898	-44.40	0.1412	-0.3906	8865.
250.	-7.015	17.611	-46.01	0.0186	-0.1131	10078.
200.	2.592	15.732	-46.77	0.0049	-0.0501	11559.
150.	4.041	15.441	-50.39	0.0035	0.0007	13453.
330.00	53.0	0	0	0	0	0
1000.	-6.706	5.082	14.60	8.1739	-0.0761	-260.
950.	-9.019	8.182	11.88	8.2487	-0.2729	171.
925.	-8.677	9.627	10.35	8.1498	-0.5446	394.
900.	-8.008	9.773	8.94	7.9207	-0.7770	622.
850.	-7.318	9.293	6.38	6.8612	-1.1366	1094.
800.	-7.456	10.924	3.89	6.0525	-1.2219	1590.
700.	-6.479	13.839	-2.00	3.6827	-0.8073	2665.
600.	-6.455	16.450	-9.06	2.9331	-0.5507	3876.
500.	-8.617	19.497	-17.42	1.7277	-0.4631	5266.
400.	-9.241	20.649	-28.96	0.6285	-0.2783	6902.
300.	-9.576	22.987	-44.30	0.0654	-0.2375	8895.
250.	-7.480	19.675	-48.60	0.0197	-0.0712	10101.
200.	1.370	17.108	-47.05	0.0043	0.0276	11574.
150.	5.260	17.291	-50.66	0.0038	-0.0324	13467.
331.00	53.0	0	0	0	0	0
1000.	-10.353	12.363	14.98	8.3226	-0.0675	-246.
950.	-12.990	18.713	12.10	8.3701	-0.1609	185.
925.	-11.839	21.785	10.58	8.2928	-0.2333	409.
900.	-9.811	22.491	9.35	7.5256	-0.1760	637.
850.	-7.879	21.000	6.55	5.6608	0.0920	1110.
800.	-6.851	18.994	3.78	5.6481	0.0580	1606.
700.	-6.701	17.560	-2.03	3.6144	0.0124	2679.
600.	-6.274	22.201	-7.85	2.5710	-0.1159	3894.
500.	-5.691	19.614	-16.93	1.2022	-0.4924	5288.
400.	-4.346	20.237	-28.99	0.5782	-0.2093	6925.
300.	-4.474	21.667	-43.66	0.1214	0.0155	8919.
250.	-4.898	21.394	-49.62	0.0194	-0.0357	10126.
200.	1.355	18.048	-48.01	0.0050	-0.0379	11593.
150.	5.893	18.687	-50.62	0.0038	0.0504	13480.
332.00	53.0	0	0	0	0	0
1000.	-7.194	14.087	14.58	8.2611	-0.0584	-219.
950.	-9.212	20.969	11.79	8.2051	-0.1059	212.
925.	-8.718	23.787	10.00	8.0792	-0.1740	435.
900.	-7.438	25.036	8.21	7.6327	-0.2701	663.
850.	-5.980	24.330	5.23	6.4089	-0.4452	1133.
800.	-6.148	21.902	2.69	5.8107	-0.3690	1627.
700.	-6.896	23.850	-1.34	4.2641	0.0265	2701.
600.	-5.052	24.180	-8.14	2.5269	-0.0208	3916.
500.	-4.712	19.831	-16.83	0.1134	-0.2176	5309.
400.	-1.942	21.625	-28.90	0.0614	-0.0208	6942.
300.	-4.498	20.534	-43.03	0.0265	-0.0428	8941.
250.	-4.068	23.058	-49.17	0.0186	-0.0685	10151.
200.	0.651	21.013	-48.94	0.0073	0.0184	11611.
150.	6.352	19.391	-50.95	0.0037	0.0221	13495.
333.00	53.0	0	0	0	0	0
1000.	-7.663	16.168	15.26	8.3179	-0.0814	-194.
950.	-9.794	24.904	12.33	8.0973	-0.1062	238.
925.	-8.927	28.156	10.69	7.8184	-0.0809	462.
900.	-7.480	29.823	8.67	7.5251	-0.0014	690.
850.	-5.290	29.336	4.76	6.2876	0.1028	1160.
800.	-6.530	29.049	2.43	5.3518	-0.1252	1653.
700.	-6.147	29.026	-1.12	3.9201	0.2545	2730.
600.	-5.905	29.294	-8.82	1.8441	0.0127	3943.
500.	-6.131	25.810	-17.60	0.0463	-0.2178	5332.
400.	-5.182	29.487	-28.86	0.0331	0.0756	6965.
300.	-6.478	25.665	-42.32	0.0240	-0.0203	8964.
250.	-5.363	25.523	-49.20	0.0192	-0.1303	10177.
200.	1.924	23.228	-50.28	0.0082	-0.0074	11632.
150.	6.198	19.007	-51.30	0.0037	0.0374	13509.
322.00	54.0	0	0	0	0	0
1000.	5.886	-11.052	5.93	3.8444	-0.0195	-42.
950.	6.867	-13.420	2.40	3.4508	0.0155	375.
925.	6.685	-13.711	0.34	3.3955	0.0359	590.
900.	6.345	-13.396	-1.72	3.3061	0.0594	809.
850.	5.636	-12.332	-5.41	2.5253	0.1213	1262.
800.	6.489	-12.719	-6.44	0.6083	0.2589	1736.
700.	7.908	-10.134	-11.67	0.9204	0.2442	2772.
600.	7.052	-6.633	-19.68	0.3697	0.1426	3936.
500.	10.876	0.852	-26.74	0.2684	0.2003	5269.
400.	-0.133	16.860	-34.62	0.2145	0.0754	6847.
300.	-10.812	25.823	-47.53	0.1134	0.0108	8809.
250.	-0.771	22.462	-51.90	0.0293	0.0050	9997.
200.	7.598	7.643	-46.49	0.0055	0.0591	11465.
150.	6.902	4.580	-48.28	0.0031	0.0013	13370.
323.00	54.0	0	0	0	0	0
1000.	5.450	-12.775	6.45	3.5843	-0.0348	-58.
950.	6.679	-16.363	2.97	3.2403	-0.0008	361.
925.	6.849	-16.762	0.86	3.2360	0.0361	576.
900.	6.683	-16.968	-1.22	3.2300	0.0734	796.
850.	5.855	-16.188	-4.67	2.6670	0.1347	1249.
800.	5.723	-16.351	-6.30	0.8793	0.0475	1724.
700.	6.566	-12.857	-10.63	0.5083	-0.0235	2762.
600.	5.985	-10.423	-18.82	0.3131	0.0429	3930.
500.	9.489	-1.728	-25.71	0.3539	0.1651	5272.
400.	-6.286	14.397	-32.55	0.4479	-0.3952	6863.
300.	-11.363	20.138	-47.61	0.1045	-0.0761	8829.
250.	-3.722	20.128	-53.91	0.0505	0.0546	10014.
200.	6.732	9.458	-46.89	0.0047	0.0209	11477.
150.	6.357	6.590	-48.36	0.0031	0.0310	13378.
324.00	54.0	0	0	0	0	0
1000.	4.816	-15.198	6.66	3.9968	-0.0484	-76.
950.	6.127	-20.146	3.22	3.5459	-0.0183	343.
925.	6.081	-20.674	1.15	3.4816	0.0063	559.
900.	6.069	-20.647	-0.90	3.3368	0.0458	779.
850.	5.440	-18.732	-4.55	2.4717	0.1215	1232.
800.	3.526	-19.680	-5.93	0.7437	0.2040	1708.
700.	6.337	-18.849	-10.30	0.4471	0.1107	2748.
600.	6.510	-13.446	-17.06	0.5279	0.1938	3918.
500.	6.548	-3.681	-24.09	0.4575	0.1173	5270.
400.	-10.907	12.278	-31.48	0.5081	-0.4455	6875.
300.	-10.826	16.917	-47.73	0.1103	-0.1810	8845.
250.	-5.574	17.996	-52.85	0.0630	0.0251	10029.
200.	5.801	11.293	-47.51	0.0046	0.0747	11488.
150.	5.391	8.478	-48.59	0.0032	0.0050	13387.
325.00	54.0	0	0	0	0	0
1000.	5.112	-16.162	6.58	4.4662	-0.0713	-99.
950.	6.627	-22.271	3.20	3.9913	0.0489	319.
925.	6.757	-23.521	1.00	3.8785	0.1631	535.
900.	6.178	-24.956	-1.12	3.6043	0.2463	755.
850.	3.810	-23.613	-3.96	1.6258	0.2880	1208.
800.	2.460	-22.623	-4.99	1.1032	0.3350	1686.
700.	5.061	-23.826	-9.65	0.7776	0.7704	2727.
600.	2.408	-13.290	-14.63	1.3565	0.1874	3906.
500.	-1.479	-3.585	-21.64	1.0660	-0.5064	5267.
400.	-12.268	10.561	-31.02	0.5288	-0.9522	6885.
300.	-10.515	12.570	-47.84	0.1062	-0.1464	8856.
250.	-10.734	17.908	-52.69	0.0585	0.0510	10038.
200.	4.947	12.360	-47.55	0.0046	0.0129	11501.
150.	4.436	10.449	-48.82	0.0032	0.0088	13397.
326.00	54.0	0	0	0	0	0
1000.	4.387	-19.251	6.84	4.7147	-0.0726	-131.
950.	5.573	-27.135	3.48	4.2671	-0.1341	288.
925.	5.068	-27.705	1.51	4.2278	-0.1942	504.
900.	4.074	-26.778	0.06	4.1913	-0.2284	724.
850.	3.818	-26.566	-2.52	3.5646	-0.1388	1180.
800.	3.790	-26.672	-4.32	2.8084	0.1658	1660.
700.	-1.042	-21.837	-8.52	2.7325	-0.1585	2704.
600.	-3.602	-9.710	-13.02	2.0273	-0.8446	3890.
500.	-10.717	3.220	-18.45	1.5100	-1.4041	5267.
400.	-12.032	9.336	-30.64	0.5515	-1.1687	6893.
300.	-10.453	8.966	-47.51	0.1130	-0.2726	8865.
250.	-13.150	17.771	-53.06	0.0601	-0.0458	10049.
200.	3.948	13.051	-47.44	0.0046	0.0436	11514.
150.	3.138	11.964	-49.57	0.0032	-0.0026	13409.
327.00	54.0	0	0	0	0	0
1000.	3.582	-20.388	6.34	5.0570	-0.1168	-167.
950.	4.766	-29.090	2.88	4.7221	-0.0050	251.
925.	5.082	-31.064	1.20	4.5211	0.1677	467.
900.	5.040	-32.823	-0.11	4.2645	0.2928	687.
850.	-0.310	-33.678	-1.90	3.9301	0.1042	1143.
800.	-4.583	-27.760	-3.07	3.6493	-0.5581	1624.
700.	-9.211	-11.176	-5.21	3.6545	-1.7064	2679.
600.	-10.559	1.352	-9.02	3.0772	-2.1198	3883.
500.	-13.006	5.212	-18.21	1.5759	-1.9015	5272.
400.	-9.462	8.315	-30.60	0.5619	-0.9870	6899.
300.	-10.943	9.853	-46.79	0.1195	-0.3803	8874.
250.	-12.720	18.826	-52.70	0.0657	-0.0869	10062.
200.	3.085	14.427	-47.32	0.0059	0.0104	11529.
150.	3.071	12.583	-50.39	0.0035	-0.0184	13421.
328.00	54.0	0	0	0	0	0
1000.	2.921	-20.888	8.59	5.6617	-0.1521	-217.
950.	2.434	-28.990	5.71	5.4066	-0.4890	205.
925.	0.328	-29.846	4.14	5.3403	-0.9597	423.
900.	-2.226	-28.831	3.15	5.1481	-1.4347	646.
850.	-9.086	-22.346	2.44	5.3182	-1.9261	1109.
800.	-9.613	-11.976	1.81	5.4775	-1.7816	1599.
700.	-11.668	4.108	-1.33	4.8790	-1.3799	2674.
600.	-13.796	7.519	-8.96	2.9967	-0.9545	3887.
500.	-12.471	7.088	-18.30	1.0283	-0.3873	5274.
400.	-10.073	11.661	-30.04	0.6087	-0.2710	6903.
300.	-11.554	14.273	-45.69	0.1385	-0.2635	8884.
250.	-11.209	18.947	-51.38	0.0327	-0.2162	10079.
200.	1.456	16.687	-47.62	0.0071	0.0264	11543.
150.	3.261	14.988	-50.63	0.0033	-0.0064	13433.
329.00	54.0	0	0	0	0	0
1000.	-7.343	-0.853	13.35	8.0358	-0.0849	-247.
950.	-11.145	1.832	10.67	8.3324	-0.5533	182.
925.	-11.375	5.203	10.33	8.4633	-1.0505	404.
900.	-10.157	6.292	9.75	8.2487	-1.3134	633.
850.	-8.261	6.158	7.54	7.4005	-1.4964	1107.
800.	-8.460	4.184	4.64	6.7303	-1.6793	1605.
700.	-11.880	6.318	-1.71	4.6256	-1.3177	2682.
600.	-11.298	9.486	-9.09	2.4650	-0.5351	3894.
500.	-12.524	10.291	-17.89	0.2881	-0.4477	5281.
400.	-10.229	15.135	-29.92	0.4107	-0.4201	6911.
300.	-12.724	17.435	-44.76	0.1566	-0.2724	8897.
250.	-10.906	19.992	-51.43	0.0318	-0.1053	10094.
200.	1.356	16.717	-47.53	0.0075	-0.0244	11558.
150.	3.445	16.981	-51.14	0.0036	0.0695	13444.
330.00	54.0	0	0	0	0	0
1000.	-10.601	7.281	14.26	8.3348	-0.0313	-238.
950.	-13.920	12.088	11.64	8.6004	0.1282	193.
925.	-12.018	14.076	10.87	8.5687	0.3590	416.
900.	-10.075	12.433	9.50	7.9760	0.5534	645.
850.	-11.475	12.855	6.54	6.8576	0.5952	1117.
800.	-12.938	15.025	4.16	6.4144	0.4225	1614.
700.	-9.832	13.231	-0.90	4.2812	0.2377	2691.
600.	-12.188	16.104	-9.07	2.1626	0.1276	3904.
500.	-10.427	14.416	-17.41	0.1250	-0.0433	5293.
400.	-8.829	18.170	-29.79	0.0335	-0.2755	6923.
300.	-9.734	18.198	-44.22	0.1424	-0.3395	8914.
250.	-8.869	21.041	-51.35	0.0251	-0.0816	10114.
200.	-0.159	18.257	-47.74	0.0057	0.0054	11573.
150.	4.307	17.297	-51.31	0.0039	-0.0077	13459.
331.00	54.0	0	0	0	0	0
1000.	-9.413	8.765	14.25	8.2974	-0.0593	-224.
950.	-12.736	14.584	11.53	8.4814	-0.0600	206.
925.	-11.538	17.709	10.70	8.5353	-0.0770	430.
900.	-9.455	18.505	9.42	7.8899	-0.1093	658.
850.	-8.647	18.814	6.46	6.7158	-0.1814	1131.
800.	-11.405	20.465	4.27	6.1870	-0.0559	1627.
700.	-12.355	18.154	-0.66	3.8809	-0.1214	2706.
600.	-11.469	19.430	-8.90	1.1677	-0.3849	3919.
500.	-10.368	18.813	-17.17	0.1236	-0.4667	5307.
400.	-10.292	22.905	-29.52	0.0495	-0.4658	6940.
300.	-8.667	20.196	-43.63	0.0227	-0.1827	8932.
250.	-8.543	22.640	-50.89	0.0175	-0.1646	10137.
200.	-0.373	20.101	-49.10	0.0064	0.0768	11590.
150.	3.939	16.995	-51.39	0.0038	0.0172	13473.
332.00	54.0	0	0	0	0	0
1000.	-10.579	12.352	14.38	8.3594	-0.0731	-206.
950.	-14.277	19.776	11.56	8.4719	-0.1767	225.
925.	-13.507	23.191	10.15	8.4187	-0.2787	448.
900.	-11.439	24.858	9.16	7.8656	-0.3476	676.
850.	-8.853	24.488	6.43	6.7365	-0.3001	1149.
800.	-11.614	25.936	4.27	6.3415	-0.1744	1645.
700.	-10.668	22.840	-0.90	4.0652	0.0621	2724.
600.	-11.860	23.793	-8.58	0.8020	-0.0282	3938.
500.	-9.255	23.240	-16.96	0.0514	-0.0253	5329.
400.	-10.876	25.358	-29.62	0.0463	-0.3703	6962.
300.	-12.416	25.816	-43.25	0.0188	-0.2547	8953.
250.	-7.672	25.511	-51.10	0.0171	-0.0445	10159.
200.	0.915	20.566	-49.55	0.0077	-0.0080	11610.
150.	3.742	17.872	-52.03	0.0038	-0.0085	13490.
333.00	54.0	0	0	0	0	0
1000.	-11.058	13.161	14.32	8.1891	-0.0891	-183.
950.	-16.273	21.777	11.40	8.1865	-0.2068	248.
925.	-16.000	26.004	9.91	8.1734	-0.2928	470.
900.	-13.715	29.198	9.18	7.9126	-0.3493	698.
850.	-8.619	31.027	6.86	7.3049	-0.3057	1171.
800.	-7.323	29.779	4.65	6.5871	-0.0592	1668.
700.	-8.589	25.279	-1.30	3.7372	-0.1862	2747.
600.	-11.422	25.715	-7.91	0.8994	-0.2681	3962.
500.	-9.276	27.034	-17.07	0.3038	-0.0259	5355.
400.	-12.688	33.047	-29.39	0.0758	-0.2729	6989.
300.	-18.261	35.396	-43.99	0.0088	-0.3133	8981.
250.	-7.154	31.874	-50.95	0.0194	-0.0568	10185.
200.	0.740	21.887	-50.63	0.0084	-0.0814	11632.
150.	5.133	18.611	-52.74	0.0039	0.0213	13503.
322.00	55.0	0	0	0	0	0
1000.	5.712	-10.403	5.99	3.6299	-0.0291	-47.
950.	6.748	-12.730	2.45	3.3547	-0.0259	371.
925.	6.739	-12.955	0.36	3.3449	-0.0433	586.
900.	6.618	-12.851	-1.67	3.1721	-0.0521	805.
850.	6.384	-11.953	-5.29	2.7521	0.0117	1257.
800.	6.509	-11.853	-6.60	0.6650	0.1455	1732.
700.	6.126	-9.302	-11.68	0.4307	0.1324	2767.
600.	9.488	-7.025	-19.61	0.5001	0.2104	3930.
500.	9.483	2.735	-27.60	0.2174	0.2309	5259.
400.	-0.530	21.864	-34.24	0.2854	0.1309	6837.
300.	-10.277	31.646	-47.42	0.1102	0.0991	8801.
250.	0.459	26.822	-52.20	0.0334	0.0123	9990.
200.	6.553	8.966	-46.14	0.0053	0.0876	11455.
150.	5.387	5.128	-48.26	0.0032	-0.0030	13362.
323.00	55.0	0	0	0	0	0
1000.	4.925	-11.578	6.15	3.6985	-0.0324	-58.
950.	5.978	-14.289	2.68	3.3447	-0.0013	361.
925.	6.198	-14.633	0.61	3.3063	0.0494	576.
900.	6.290	-14.860	-1.50	3.2136	0.1001	795.
850.	5.989	-13.938	-5.15	2.8400	0.1352	1247.
800.	6.451	-15.162	-6.56	0.6608	0.0212	1722.
700.	5.897	-11.505	-10.77	0.3390	0.0899	2759.
600.	7.615	-9.120	-19.01	0.3720	0.3088	3926.
500.	9.011	2.156	-25.80	0.3131	0.2940	5265.
400.	-7.102	19.286	-32.67	0.4403	-0.3272	6856.
300.	-11.179	26.148	-47.70	0.1076	-0.0552	8822.
250.	-3.244	25.697	-53.51	0.0562	0.1219	10008.
200.	5.885	11.028	-47.28	0.0050	0.0008	11468.
150.	5.150	6.922	-48.28	0.0031	0.0126	13369.
324.00	55.0	0	0	0	0	0
1000.	4.187	-13.579	6.30	3.8630	-0.0461	-70.
950.	5.138	-17.305	2.85	3.4460	0.0113	349.
925.	5.008	-17.660	0.72	3.3821	0.0325	564.
900.	4.848	-17.589	-1.37	3.2796	0.0544	783.
850.	4.257	-16.621	-4.64	1.5879	0.1239	1236.
800.	3.125	-16.889	-6.29	0.7756	0.1597	1712.
700.	6.207	-16.324	-10.28	0.2736	0.0859	2749.
600.	5.063	-10.796	-17.77	0.4111	0.1798	3919.
500.	3.963	0.693	-24.34	0.4502	0.0531	5268.
400.	-11.044	18.706	-31.48	0.5162	-0.3906	6871.
300.	-11.095	23.734	-47.72	0.1033	-0.1084	8841.
250.	-5.976	25.257	-53.28	0.0653	0.0515	10025.
200.	5.827	12.779	-47.64	0.0045	0.0703	11482.
150.	3.338	9.139	-48.78	0.0031	-0.0232	13380.
325.00	55.0	0	0	0	0	0
1000.	3.001	-14.506	6.52	3.7746	-0.0628	-87.
950.	3.590	-18.974	3.13	3.4079	-0.0059	331.
925.	3.743	-19.514	0.99	3.4055	0.0625	547.
900.	3.616	-20.147	-1.16	3.3023	0.1294	766.
850.	2.165	-19.182	-4.01	2.5199	0.1851	1220.
800.	0.479	-18.558	-5.43	0.7491	0.2238	1697.
700.	4.116	-20.885	-10.10	0.5057	0.7241	2737.
600.	1.389	-9.710	-15.30	1.0611	0.3191	3912.
500.	-3.360	1.035	-22.32	1.0148	-0.4720	5270.
400.	-14.280	18.254	-30.58	0.5473	-1.2053	6885.
300.	-9.972	18.546	-48.20	0.1017	-0.1282	8856.
250.	-9.927	25.714	-53.40	0.0555	0.1041	10037.
200.	4.636	13.769	-47.83	0.0047	0.0056	11497.
150.	3.115	10.961	-49.55	0.0032	0.0075	13389.
326.00	55.0	0	0	0	0	0
1000.	1.614	-16.656	6.42	4.7476	-0.0731	-108.
950.	1.889	-23.033	2.97	4.3027	-0.0790	311.
925.	1.475	-23.832	0.96	4.0566	-0.0688	526.
900.	0.837	-23.329	-0.68	3.5245	-0.0476	746.
850.	0.326	-21.326	-3.06	2.8794	0.1341	1201.
800.	1.060	-19.883	-4.71	2.4574	0.5132	1680.
700.	0.049	-18.013	-9.45	2.0405	0.4264	2722.
600.	-7.457	-3.688	-13.93	1.9371	-0.7984	3904.
500.	-11.559	9.269	-19.47	1.3752	-1.5338	5274.
400.	-12.034	13.614	-31.00	0.5404	-0.8238	6898.
300.	-8.736	14.245	-47.74	0.0948	-0.1690	8869.
250.	-11.910	25.654	-54.21	0.0595	0.0936	10052.
200.	3.274	14.696	-47.90	0.0048	0.0107	11511.
150.	2.803	12.385	-49.86	0.0032	0.0025	13401.
327.00	55.0	0	0	0	0	0
1000.	0.273	-17.295	5.81	5.0964	-0.1173	-132.
950.	-0.126	-24.047	2.09	4.5630	0.0077	286.
925.	0.073	-25.328	0.84	4.3642	0.1725	501.
900.	0.088	-25.858	-0.17	4.0857	0.3681	721.
850.	-2.147	-24.723	-1.87	3.6707	0.4787	1177.
800.	-6.181	-21.775	-3.93	3.3804	0.0628	1658.
700.	-10.045	-10.009	-7.28	2.8481	-1.2968	2706.
600.	-11.810	5.887	-10.31	2.9331	-1.6920	3902.
500.	-11.969	12.846	-18.70	1.2080	-1.3088	5286.
400.	-10.339	11.983	-31.28	0.3580	-0.5691	6909.
300.	-9.250	15.708	-46.37	0.1319	-0.2355	8882.
250.	-12.513	24.525	-53.84	0.0524	-0.0018	10070.
200.	2.075	16.236	-48.55	0.0068	-0.0370	11527.
150.	3.099	13.578	-50.60	0.0034	0.0125	13413.
328.00	55.0	0	0	0	0	0
1000.	0.197	-19.212	7.52	5.1915	-0.1698	-169.
950.	-1.293	-27.152	4.27	4.8708	-0.2021	252.
925.	-3.588	-28.305	2.51	4.8441	-0.3359	468.
900.	-6.419	-27.591	1.42	4.5938	-0.6054	690.
850.	-12.826	-20.674	0.11	4.4725	-1.1967	1149.
800.	-14.846	-10.978	-0.99	4.4208	-1.4666	1635.
700.	-11.339	3.069	-2.84	4.4858	-1.0784	2698.
600.	-12.384	11.235	-8.98	3.0624	-1.1169	3910.
500.	-10.462	11.283	-18.80	0.8619	-0.6921	5295.
400.	-11.460	14.262	-30.93	0.2245	-0.7185	6920.
300.	-9.220	17.443	-45.54	0.0644	-0.4314	8896.
250.	-10.676	22.623	-53.54	0.0629	-0.0961	10089.
200.	1.440	18.785	-48.50	0.0077	0.0326	11540.
150.	3.644	14.746	-50.72	0.0033	0.0060	13426.
329.00	55.0	0	0	0	0	0
1000.	-5.212	-10.041	11.00	7.0161	-0.1146	-204.
950.	-10.332	-12.562	8.09	6.8998	-0.7995	222.
925.	-13.395	-9.082	7.07	6.7498	-1.5019	442.
900.	-14.652	-3.866	6.40	6.6273	-2.0700	667.
850.	-12.346	4.256	4.94	6.3455	-2.4782	1136.
800.	-8.712	7.553	3.40	5.9839	-2.1172	1630.
700.	-8.625	9.341	-1.26	4.9801	-1.7005	2707.
600.	-13.002	11.597	-9.41	2.6799	-1.4011	3919.
500.	-12.007	14.098	-18.25	0.6418	-0.9414	5305.
400.	-11.430	16.063	-30.45	0.2683	-0.6384	6933.
300.	-9.382	19.716	-44.95	0.0099	-0.2931	8912.
250.	-8.687	22.173	-52.42	0.0268	-0.1697	10110.
200.	-1.476	19.914	-49.85	0.0086	0.0718	11555.
150.	4.157	15.533	-50.86	0.0036	-0.0056	13439.
330.00	55.0	0	0	0	0	0
1000.	-11.261	5.346	12.86	7.8131	-0.0581	-212.
950.	-15.542	10.883	10.06	7.9090	-0.4387	217.
925.	-15.700	14.988	9.19	7.8074	-0.8186	439.
900.	-13.940	17.583	8.51	7.7156	-1.0881	666.
850.	-8.490	16.889	7.18	7.4515	-1.0440	1139.
800.	-8.317	14.004	5.39	6.3469	-0.7227	1637.
700.	-10.493	13.035	-1.02	4.7134	-1.0198	2718.
600.	-10.279	13.149	-8.82	2.5336	-0.8332	3932.
500.	-11.211	16.994	-18.38	0.8535	-0.5964	5319.
400.	-11.057	19.651	-30.20	0.2659	-0.3514	6948.
300.	-11.550	22.370	-44.65	0.0250	-0.1637	8930.
250.	-9.970	24.628	-51.83	0.0148	-0.2168	10131.
200.	-0.769	20.094	-51.00	0.0078	-0.0382	11574.
150.	4.099	17.201	-51.39	0.0039	0.0640	13451.
331.00	55.0	0	0	0	0	0
1000.	-12.090	8.942	13.37	7.8382	-0.0843	-200.
950.	-17.463	15.113	10.51	7.8987	-0.1515	229.
925.	-18.031	19.164	9.26	7.8337	-0.2552	451.
900.	-16.583	22.524	8.68	7.6610	-0.3906	679.
850.	-9.856	22.852	7.30	7.3783	-0.4161	1152.
800.	-6.958	18.018	5.30	6.6240	-0.0111	1650.
700.	-10.084	17.835	-0.97	4.5127	-0.1601	2731.
600.	-11.112	17.964	-8.43	1.6738	0.0636	3945.
500.	-12.101	20.493	-17.79	0.4368	-0.3802	5334.
400.	-12.530	24.338	-30.02	0.1946	-0.1857	6965.
300.	-15.224	28.095	-44.34	0.0305	-0.1754	8951.
250.	-10.281	27.566	-52.02	0.0147	-0.1138	10151.
200.	-0.183	21.257	-50.99	0.0084	-0.0875	11593.
150.	4.205	17.579	-52.13	0.0039	0.0642	13465.
332.00	55.0	0	0	0	0	0
1000.	-12.450	10.246	13.08	7.8296	-0.0918	-181.
950.	-18.570	17.776	10.21	7.8098	-0.2548	248.
925.	-19.212	22.139	8.89	7.7092	-0.3721	470.
900.	-18.292	26.013	8.01	7.4660	-0.4715	697.
850.	-13.186	29.664	6.55	7.0913	-0.6147	1168.
800.	-5.754	24.912	4.75	6.7068	-0.4478	1665.
700.	-6.780	21.522	-0.68	4.5897	-0.3142	2747.
600.	-11.148	22.180	-7.88	1.3683	-0.2994	3962.
500.	-12.773	24.191	-17.44	0.4077	-0.2683	5355.
400.	-15.094	28.422	-29.35	0.2601	-0.3280	6988.
300.	-18.916	38.495	-44.53	0.1251	-0.4623	8978.
250.	-11.125	30.947	-52.76	0.0147	-0.2293	10175.
200.	0.072	22.158	-51.73	0.0092	0.0376	11609.
150.	4.445	17.428	-52.62	0.0039	0.0209	13481.
333.00	55.0	0	0	0	0	0
1000.	-13.459	12.247	12.91	7.6877	-0.1007	-159.
950.	-19.464	20.299	9.92	7.6129	-0.2959	270.
925.	-20.082	24.164	8.49	7.4808	-0.4627	491.
900.	-19.452	27.958	7.60	7.2538	-0.6097	718.
850.	-15.395	34.076	5.89	6.8116	-0.8719	1188.
800.	-7.104	33.551	4.33	6.4247	-0.8363	1684.
700.	-3.976	21.261	-0.46	5.0420	-0.3893	2765.
600.	-7.992	22.906	-7.60	3.0636	-0.3453	3983.
500.	-11.401	25.622	-17.01	0.9717	-0.2444	5377.
400.	-14.206	31.264	-28.69	0.6505	-0.2174	7015.
300.	-17.359	34.431	-44.64	0.1579	-0.4590	9007.
250.	-11.472	33.837	-53.88	0.0344	-0.3284	10202.
200.	0.608	22.762	-52.58	0.0093	0.0414	11629.
150.	5.252	18.417	-53.10	0.0039	0.0162	13496.
322.00	56.0	0	0	0	0	0
1000.	7.648	-8.939	5.61	3.8702	-0.0432	-51.
950.	9.208	-10.865	2.13	3.5025	0.0436	366.
925.	9.332	-11.174	0.04	3.4360	0.1042	581.
900.	9.443	-11.239	-1.99	3.2470	0.1348	800.
850.	10.038	-12.336	-3.86	1.4374	0.0964	1252.
800.	9.030	-10.693	-6.70	0.7664	0.1383	1728.
700.	10.846	-9.901	-11.45	0.2803	0.3047	2760.
600.	11.015	-4.428	-20.08	0.3674	0.4116	3922.
500.	11.113	4.833	-28.70	0.1631	0.4956	5248.
400.	-0.837	27.309	-33.70	0.3059	0.2458	6828.
300.	-7.105	37.038	-47.22	0.1100	0.1438	8793.
250.	3.172	29.826	-52.08	0.0297	0.0300	9983.
200.	5.838	9.542	-46.06	0.0052	0.0613	11449.
150.	3.882	6.226	-48.06	0.0032	0.0041	13355.
323.00	56.0	0	0	0	0	0
1000.	6.860	-9.865	5.90	3.6897	-0.0420	-59.
950.	8.230	-11.834	2.39	3.3962	0.0338	359.
925.	8.407	-11.943	0.32	3.3633	0.0810	574.
900.	8.391	-11.792	-1.72	3.0951	0.1342	793.
850.	9.103	-12.281	-4.62	1.5383	0.1535	1245.
800.	8.920	-11.752	-6.51	0.6810	0.1711	1721.
700.	10.230	-10.818	-10.85	0.2367	0.4187	2755.
600.	10.590	-6.242	-19.03	0.3144	0.6501	3921.
500.	7.558	7.465	-25.82	0.2567	0.3983	5258.
400.	-7.509	24.875	-32.79	0.4414	-0.2313	6848.
300.	-7.488	32.044	-47.64	0.1075	0.0983	8815.
250.	0.084	29.792	-52.87	0.0514	0.1263	10003.
200.	5.018	12.114	-47.43	0.0052	0.0305	11462.
150.	4.166	8.276	-48.65	0.0032	0.0198	13362.
324.00	56.0	0	0	0	0	0
1000.	4.934	-10.430	6.18	3.6473	-0.0309	-66.
950.	5.808	-12.496	2.76	3.3454	0.0572	352.
925.	5.811	-12.744	0.63	3.3299	0.1105	567.
900.	5.674	-12.745	-1.48	3.1993	0.1519	786.
850.	5.140	-12.586	-4.88	2.6620	0.1522	1239.
800.	5.913	-12.900	-6.46	0.5958	0.0147	1715.
700.	10.630	-12.317	-10.19	0.1981	0.1099	2750.
600.	6.530	-6.815	-18.09	0.2959	0.0094	3920.
500.	3.817	5.177	-24.72	0.4169	-0.0622	5266.
400.	-10.305	22.659	-31.94	0.4817	-0.4189	6867.
300.	-8.619	28.833	-47.81	0.1069	-0.0836	8836.
250.	-2.480	30.691	-53.54	0.0559	0.1492	10020.
200.	5.549	13.621	-48.13	0.0045	0.0841	11477.
150.	2.933	10.981	-48.93	0.0032	0.0051	13371.
325.00	56.0	0	0	0	0	0
1000.	2.960	-11.931	6.05	3.8056	-0.0459	-75.
950.	3.542	-14.494	2.61	3.4107	0.0070	343.
925.	3.622	-14.609	0.55	3.3576	0.0640	558.
900.	3.572	-14.591	-1.52	3.2706	0.1361	778.
850.	2.480	-14.064	-3.43	1.4520	0.2747	1231.
800.	2.051	-12.523	-5.75	0.7588	0.3813	1708.
700.	7.414	-14.631	-10.32	0.2792	0.4704	2745.
600.	2.290	-5.827	-16.37	0.7291	0.3273	3917.
500.	-3.892	6.860	-22.71	1.0275	-0.4272	5273.
400.	-13.411	23.499	-30.99	0.5248	-0.8739	6884.
300.	-7.380	26.058	-48.31	0.1004	-0.0399	8854.
250.	-3.472	29.830	-52.98	0.0530	0.1429	10037.
200.	4.303	14.698	-48.41	0.0048	-0.0525	11494.
150.	2.420	12.491	-49.80	0.0032	0.0221	13382.
326.00	56.0	0	0	0	0	0
1000.	1.093	-12.937	6.44	4.2881	-0.0714	-88.
950.	1.077	-16.361	2.95	3.8368	-0.0039	331.
925.	0.869	-16.756	0.75	3.7510	0.0463	546.
900.	0.739	-16.573	-1.30	3.4732	0.0734	766.
850.	-0.288	-15.650	-3.16	1.4846	0.1490	1219.
800.	-0.678	-13.029	-5.14	1.6136	0.2873	1698.
700.	1.880	-11.929	-10.06	1.1895	0.5091	2738.
600.	-4.300	-0.854	-14.66	1.8621	-0.1635	3915.
500.	-11.139	13.684	-20.58	1.1849	-1.0481	5281.
400.	-11.737	21.784	-31.21	0.5460	-0.5375	6901.
300.	-5.468	21.398	-47.81	0.1014	0.1598	8869.
250.	-8.681	29.099	-53.02	0.0557	0.0678	10056.
200.	4.224	16.699	-48.78	0.0050	-0.0273	11509.
150.	2.746	13.741	-50.32	0.0033	0.0557	13392.
327.00	56.0	0	0	0	0	0
1000.	-1.670	-14.609	5.99	4.7328	-0.0949	-101.
950.	-2.163	-18.713	2.47	4.3167	-0.0896	318.
925.	-1.844	-18.178	0.95	4.3415	-0.0200	533.
900.	-2.095	-17.409	-0.32	4.1637	0.0869	753.
850.	-3.197	-15.123	-2.58	3.5331	0.2477	1208.
800.	-3.974	-11.629	-4.71	3.1453	0.2823	1688.
700.	-6.277	-6.042	-8.82	2.6529	-0.4689	2731.
600.	-11.075	7.313	-12.87	2.2219	-1.4456	3916.
500.	-12.317	18.674	-18.68	1.0818	-1.1185	5294.
400.	-9.815	18.442	-31.46	0.5191	-0.2568	6916.
300.	-9.400	20.310	-46.78	0.0367	-0.1199	8885.
250.	-10.539	27.667	-53.66	0.0465	0.0284	10075.
200.	3.484	18.448	-48.98	0.0067	0.0200	11522.
150.	3.246	14.303	-50.84	0.0033	0.0192	13405.
328.00	56.0	0	0	0	0	0
1000.	-3.481	-13.336	6.91	4.9097	-0.0962	-119.
950.	-5.094	-16.644	3.50	4.6334	-0.0135	301.
925.	-5.179	-16.822	1.57	4.4774	-0.0246	517.
900.	-5.534	-17.116	0.23	4.2376	-0.0595	737.
850.	-8.952	-15.078	-1.56	3.8672	-0.2170	1194.
800.	-13.395	-9.898	-3.17	3.5975	-0.6508	1676.
700.	-13.734	2.177	-6.61	3.2576	-1.4998	2726.
600.	-9.635	10.094	-10.54	2.6813	-1.1814	3923.
500.	-10.561	18.417	-18.63	1.4477	-0.9592	5308.
400.	-12.114	19.993	-31.19	0.3265	-0.4924	6931.
300.	-12.707	24.243	-46.50	0.0462	-0.2917	8903.
250.	-9.793	27.300	-53.32	0.0123	-0.0491	10094.
200.	3.736	20.061	-49.35	0.0083	0.0034	11538.
150.	3.832	15.192	-51.07	0.0034	0.0091	13418.
329.00	56.0	0	0	0	0	0
1000.	-6.175	-11.694	9.59	5.9311	-0.1230	-145.
950.	-13.293	-14.689	6.57	5.2869	-0.2096	278.
925.	-15.318	-13.061	4.52	5.2556	-0.3621	497.
900.	-16.383	-10.614	2.95	5.2182	-0.6466	719.
850.	-18.103	-4.383	1.05	4.9036	-1.4163	1181.
800.	-18.270	2.801	-0.78	4.6000	-1.9729	1668.
700.	-11.137	10.365	-4.46	3.9782	-1.8589	2728.
600.	-7.841	12.762	-9.09	2.7059	-1.3204	3934.
500.	-11.235	18.167	-18.21	1.0382	-1.3592	5323.
400.	-13.352	21.975	-31.02	0.2766	-0.5346	6948.
300.	-15.097	26.759	-46.52	0.0655	-0.1174	8920.
250.	-9.504	28.283	-52.73	0.0165	-0.0492	10114.
200.	2.665	22.565	-49.22	0.0083	-0.0031	11553.
150.	3.938	16.575	-51.58	0.0034	0.0017	13433.
330.00	56.0	0	0	0	0	0
1000.	-10.786	-7.589	10.56	6.8461	-0.1413	-161.
950.	-20.571	-6.953	7.56	6.5228	-0.5757	265.
925.	-22.827	-2.623	6.18	6.3645	-0.9046	484.
900.	-23.651	2.145	5.25	6.1342	-1.2507	709.
850.	-21.781	10.748	3.43	5.7530	-1.8533	1175.
800.	-16.320	17.147	1.70	5.3284	-2.2669	1666.
700.	-6.257	16.308	-2.28	4.7333	-1.8246	2736.
600.	-7.094	15.527	-8.22	3.1551	-1.6468	3949.
500.	-9.759	18.702	-17.98	0.8367	-1.0733	5339.
400.	-13.895	24.157	-30.37	0.1948	-0.6546	6967.
300.	-16.709	28.677	-46.36	0.0861	-0.3126	8944.
250.	-11.201	30.499	-53.11	0.0152	-0.0683	10136.
200.	0.656	24.436	-50.64	0.0085	0.0667	11569.
150.	4.677	17.691	-52.34	0.0040	-0.0400	13447.
331.00	56.0	0	0	0	0	0
1000.	-14.030	1.434	11.33	7.0771	-0.1291	-159.
950.	-21.959	5.400	8.31	6.8528	-0.6158	267.
925.	-23.515	9.098	6.80	6.6776	-0.9333	487.
900.	-23.430	13.185	5.88	6.4000	-1.2031	712.
850.	-21.069	19.551	4.04	5.9490	-1.6471	1180.
800.	-14.848	24.787	2.40	5.6608	-1.9610	1672.
700.	-3.925	19.234	-1.02	5.0628	-1.2051	2747.
600.	-5.566	17.404	-7.99	3.0171	-0.8748	3964.
500.	-9.489	20.870	-17.68	0.7156	-0.4579	5356.
400.	-14.132	25.965	-29.48	0.2240	-0.5821	6988.
300.	-16.636	31.534	-45.72	0.1370	-0.6209	8972.
250.	-12.713	34.796	-53.88	0.0211	-0.4250	10164.
200.	1.064	25.163	-52.29	0.0096	0.0274	11589.
150.	5.251	18.679	-52.76	0.0040	0.0004	13459.
332.00	56.0	0	0	0	0	0
1000.	-15.178	7.216	11.44	7.0638	-0.1058	-146.
950.	-21.859	12.994	8.40	6.7863	-0.4001	281.
925.	-22.990	16.279	6.72	6.6740	-0.6076	501.
900.	-22.881	20.056	5.81	6.4360	-0.8064	726.
850.	-19.642	26.234	4.57	6.0837	-1.0951	1194.
800.	-13.211	29.832	3.05	5.8087	-1.3658	1687.
700.	-4.018	20.305	-1.41	5.0189	-1.2648	2762.
600.	-4.175	19.917	-7.68	3.4599	-0.9894	3978.
500.	-8.841	23.892	-16.96	1.2932	-0.3811	5373.
400.	-12.614	25.713	-29.04	0.5476	-0.2286	7009.
300.	-13.609	34.114	-45.17	0.1641	-0.5489	8998.
250.	-12.459	39.162	-54.68	0.0550	-0.4969	10190.
200.	1.393	25.523	-53.27	0.0099	0.0189	11607.
150.	5.542	18.116	-53.10	0.0040	0.0439	13472.
333.00	56.0	0	0	0	0	0
1000.	-14.463	6.661	11.27	7.0895	-0.1230	-127.
950.	-23.383	16.197	8.19	6.5722	-0.3997	299.
925.	-23.785	20.938	6.45	6.4432	-0.5947	519.
900.	-22.107	25.249	5.45	6.3445	-0.7137	744.
850.	-16.219	28.594	5.38	6.6061	-0.7430	1212.
800.	-12.322	28.426	3.28	6.2381	-0.9380	1707.
700.	-5.152	26.248	-1.87	4.6339	-1.8249	2780.
600.	-2.902	20.793	-7.60	3.3651	-1.0348	3994.
500.	-6.254	24.438	-16.26	1.4880	-0.8752	5393.
400.	-8.727	23.792	-28.88	0.5918	-0.3026	7032.
300.	-8.945	31.634	-44.91	0.1517	-0.4619	9022.
250.	-7.927	38.062	-55.29	0.0506	-0.3771	10214.
200.	1.750	25.170	-54.52	0.0103	0.0134	11627.
150.	5.639	17.288	-53.49	0.0040	-0.0186	13489.
322.00	57.0	0	0	0	0	0
1000.	10.950	-7.476	5.66	4.1525	-0.0333	-63.
950.	13.419	-9.519	2.19	3.8034	-0.0071	354.
925.	13.451	-9.856	0.22	3.5528	0.0008	569.
900.	12.533	-9.655	-1.59	3.3893	0.0294	788.
850.	11.827	-11.199	-5.00	2.9130	0.0760	1241.
800.	11.545	-11.896	-6.61	1.9863	0.1059	1716.
700.	9.393	-8.113	-12.66	0.5711	0.3038	2750.
600.	13.889	-1.526	-20.74	0.1324	0.7868	3908.
500.	12.593	8.509	-27.49	0.0859	0.8383	5236.
400.	-0.751	32.036	-33.26	0.3295	0.2074	6823.
300.	-1.910	40.398	-46.71	0.1075	-0.0053	8790.
250.	5.682	29.462	-51.57	0.0278	-0.2059	9983.
200.	5.053	11.785	-46.95	0.0056	0.0790	11444.
150.	2.933	6.739	-48.29	0.0032	-0.0272	13350.
323.00	57.0	0	0	0	0	0
1000.	9.983	-5.250	5.56	3.9071	-0.0534	-66.
950.	11.925	-6.547	2.12	3.6136	-0.0951	351.
925.	12.073	-6.699	0.15	3.5333	-0.1422	566.
900.	11.298	-6.413	-1.77	3.4785	-0.1581	785.
850.	11.065	-7.270	-5.09	3.0613	-0.1246	1237.
800.	11.344	-7.602	-6.54	2.0057	0.0526	1713.
700.	11.370	-5.636	-12.14	0.3426	0.6660	2746.
600.	13.505	-0.556	-18.78	0.1424	1.0627	3910.
500.	6.678	13.138	-25.29	0.1908	0.6417	5251.
400.	-6.110	29.913	-32.61	0.4475	-0.0568	6844.
300.	-2.953	36.833	-47.48	0.1070	0.0190	8812.
250.	5.145	30.826	-52.48	0.0422	-0.0212	10001.
200.	3.678	12.827	-47.66	0.0055	-0.0146	11458.
150.	3.772	8.627	-49.04	0.0032	-0.0176	13357.
324.00	57.0	0	0	0	0	0
1000.	7.204	-4.488	5.75	3.7276	-0.0374	-67.
950.	8.191	-4.953	2.28	3.4165	-0.0146	351.
925.	8.308	-5.014	0.14	3.3705	0.0034	565.
900.	8.547	-5.056	-1.98	3.3023	0.0399	784.
850.	8.955	-5.539	-5.16	2.2020	0.1965	1236.
800.	8.528	-5.162	-6.12	0.6487	0.2992	1712.
700.	11.171	-5.300	-11.56	0.2750	0.4899	2744.
600.	8.062	0.804	-16.99	0.1991	0.6411	3915.
500.	3.205	10.802	-24.79	0.3869	0.4384	5262.
400.	-10.350	27.795	-32.29	0.4661	-0.0014	6864.
300.	-3.619	32.989	-47.83	0.1074	0.1056	8832.
250.	3.178	31.082	-52.52	0.0493	0.0614	10019.
200.	4.165	13.824	-49.12	0.0048	-0.0240	11474.
150.	4.459	10.795	-48.60	0.0032	-0.0196	13365.
325.00	57.0	0	0	0	0	0
1000.	4.073	-6.250	5.84	3.5960	-0.0420	-69.
950.	4.682	-7.170	2.39	3.3066	0.0611	348.
925.	4.760	-7.195	0.32	3.2725	0.1263	563.
900.	4.833	-7.210	-1.81	3.2267	0.1695	782.
850.	4.517	-6.871	-3.48	1.2608	0.2115	1235.
800.	4.481	-5.836	-5.62	0.7217	0.2373	1713.
700.	7.218	-4.903	-11.32	0.2545	0.1542	2746.
600.	2.477	1.680	-16.59	0.4528	0.2632	3918.
500.	-1.959	10.882	-22.98	0.8801	0.0250	5272.
400.	-13.282	28.842	-31.39	0.5058	-0.4250	6881.
300.	-3.498	30.849	-47.83	0.1026	0.2267	8850.
250.	-0.560	31.169	-52.50	0.0523	0.1582	10038.
200.	5.126	14.798	-49.49	0.0048	-0.0829	11491.
150.	2.557	13.636	-49.34	0.0032	0.0200	13374.
326.00	57.0	0	0	0	0	0
1000.	1.274	-7.858	5.98	3.8609	-0.0666	-73.
950.	1.247	-8.804	2.56	3.5462	0.0041	345.
925.	1.173	-8.896	0.41	3.4940	0.0639	560.
900.	1.149	-8.741	-1.73	3.3845	0.1394	779.
850.	0.990	-7.320	-3.41	1.2932	0.2720	1232.
800.	0.785	-6.027	-5.46	0.8449	0.4003	1710.
700.	0.920	-2.489	-10.61	0.8298	0.1909	2748.
600.	-1.358	1.208	-15.78	1.4496	0.1507	3921.
500.	-8.265	17.148	-21.19	1.1423	-0.4277	5283.
400.	-10.821	28.420	-31.13	0.5289	-0.1832	6900.
300.	-3.378	26.974	-47.38	0.1109	0.2368	8870.
250.	-6.006	32.335	-53.06	0.0406	0.0663	10059.
200.	5.147	16.682	-49.62	0.0049	-0.0398	11506.
150.	2.168	14.494	-50.36	0.0032	0.0164	13386.
327.00	57.0	0	0	0	0	0
1000.	-1.298	-9.455	6.00	4.4803	-0.0614	-80.
950.	-1.216	-10.869	2.49	4.1422	0.0713	338.
925.	-0.953	-10.682	0.65	4.1141	0.1737	553.
900.	-1.224	-10.196	-0.93	3.8695	0.2593	773.
850.	-1.994	-7.455	-3.14	3.3567	0.3181	1228.
800.	-2.899	-4.578	-5.07	2.9731	0.2741	1707.
700.	-5.228	-0.295	-10.16	2.2640	0.1133	2746.
600.	-4.196	7.677	-13.70	1.9078	-0.1538	3926.
500.	-9.087	19.020	-20.05	1.2707	-0.5154	5297.
400.	-7.464	26.147	-31.53	0.3717	0.2899	6918.
300.	-9.480	28.224	-46.91	0.0146	0.1157	8888.
250.	-7.508	33.490	-53.75	0.0123	0.0347	10077.
200.	5.042	17.901	-49.63	0.0061	-0.0396	11520.
150.	3.091	14.927	-50.99	0.0033	-0.0183	13399.
328.00	57.0	0	0	0	0	0
1000.	-3.941	-9.328	6.24	5.0425	-0.0756	-88.
950.	-5.256	-10.310	3.00	4.6052	-0.1390	330.
925.	-5.077	-9.822	1.13	4.4510	-0.2461	546.
900.	-4.916	-9.485	0.02	4.2483	-0.3182	766.
850.	-7.060	-6.320	-2.01	3.7839	-0.2702	1223.
800.	-8.598	-2.412	-4.17	3.3466	-0.3364	1703.
700.	-7.227	4.488	-8.72	2.5845	-0.4199	2747.
600.	-7.600	13.637	-11.88	2.3223	-0.8156	3936.
500.	-6.494	20.014	-18.87	1.4291	-0.4344	5313.
400.	-9.124	26.766	-31.22	0.4074	-0.0020	6936.
300.	-14.312	32.753	-47.06	0.0915	0.0981	8906.
250.	-8.740	33.666	-53.70	0.0216	0.0649	10094.
200.	4.389	19.071	-49.99	0.0087	-0.0477	11537.
150.	3.910	15.549	-51.56	0.0035	-0.0124	13412.
329.00	57.0	0	0	0	0	0
1000.	-7.758	-4.620	8.36	5.2740	-0.0733	-99.
950.	-11.285	-4.172	5.31	4.7101	-0.2710	322.
925.	-10.969	-4.064	3.00	4.5280	-0.4270	540.
900.	-9.696	-4.722	0.98	4.5838	-0.5623	761.
850.	-10.757	-4.615	-1.28	4.0782	-0.6963	1219.
800.	-13.191	0.031	-3.50	3.6125	-0.6903	1701.
700.	-9.280	11.173	-6.15	3.3475	-0.9975	2751.
600.	-8.580	14.695	-11.10	2.5103	-1.1136	3949.
500.	-4.772	21.648	-18.38	1.4967	-0.3219	5329.
400.	-9.268	26.958	-30.89	0.3467	-0.1311	6954.
300.	-15.609	33.907	-46.83	0.1277	-0.2172	8928.
250.	-11.197	36.644	-54.06	0.0242	0.0253	10115.
200.	4.694	19.626	-50.34	0.0090	-0.0431	11552.
150.	5.372	16.176	-51.84	0.0033	-0.0120	13426.
330.00	57.0	0	0	0	0	0
1000.	-9.814	-1.332	9.58	5.6788	-0.0763	-105.
950.	-14.981	0.922	6.46	5.0108	0.1410	318.
925.	-15.007	1.246	4.45	4.9669	0.2088	537.
900.	-14.664	0.856	2.03	4.8503	0.1772	759.
850.	-14.525	2.316	-0.11	4.3204	-0.2526	1219.
800.	-13.926	5.865	-2.33	3.9389	-0.6452	1703.
700.	-10.324	15.376	-5.05	3.6787	-1.0919	2759.
600.	-6.813	18.724	-10.57	2.7935	-1.0987	3961.
500.	-3.148	21.791	-17.88	1.5691	-0.8862	5345.
400.	-9.032	26.305	-30.36	0.5473	-0.6239	6975.
300.	-14.375	33.669	-46.26	0.1514	-0.2390	8952.
250.	-12.949	41.802	-54.88	0.0534	-0.0644	10139.
200.	4.644	21.789	-50.54	0.0087	0.0021	11567.
150.	6.163	17.376	-52.09	0.0036	-0.0030	13439.
331.00	57.0	0	0	0	0	0
1000.	-10.407	-1.232	10.47	6.2727	-0.0772	-105.
950.	-18.214	4.139	7.46	5.4244	0.1976	320.
925.	-18.574	6.133	5.41	5.2742	0.2819	539.
900.	-18.219	7.091	3.19	5.1777	0.2499	762.
850.	-17.100	9.061	0.58	4.5838	-0.0599	1224.
800.	-14.788	12.684	-1.34	4.3169	-0.5167	1709.
700.	-8.374	17.517	-4.16	3.8758	-1.1908	2770.
600.	-6.327	22.439	-10.17	2.9375	-1.4047	3974.
500.	-2.509	21.661	-17.20	1.6475	-1.3927	5361.
400.	-6.669	26.758	-29.68	0.6242	-1.1424	6995.
300.	-10.570	32.257	-46.13	0.1319	-0.2916	8976.
250.	-10.371	42.845	-55.57	0.0483	-0.0435	10164.
200.	3.865	22.632	-51.79	0.0093	-0.0018	11586.
150.	6.680	17.916	-52.58	0.0040	-0.0146	13452.
332.00	57.0	0	0	0	0	0
1000.	-11.656	1.270	10.98	6.5455	-0.0990	-99.
950.	-20.251	9.321	7.85	5.6340	0.1568	327.
925.	-20.289	12.770	6.00	5.3984	0.2742	547.
900.	-19.281	14.034	3.85	5.3081	0.2743	770.
850.	-16.750	14.004	0.78	4.6504	-0.0062	1232.
800.	-13.392	16.785	-0.68	4.3974	-0.5636	1718.
700.	-6.962	20.870	-3.73	3.9966	-1.1315	2782.
600.	-2.250	22.127	-9.47	2.9354	-1.0762	3988.
500.	-1.957	20.204	-16.83	1.7208	-0.8816	5379.
400.	-4.682	27.708	-29.18	0.6734	-1.1835	7016.
300.	-7.498	30.964	-45.86	0.1346	-0.2959	9000.
250.	-5.722	40.212	-55.56	0.0480	-0.0280	10189.
200.	4.399	23.699	-53.52	0.0101	-0.0374	11604.
150.	5.472	17.378	-53.37	0.0041	-0.0364	13466.
333.00	57.0	0	0	0	0	0
1000.	-11.047	5.042	11.11	6.6680	-0.0725	-85.
950.	-18.609	15.067	7.95	5.6440	0.3435	341.
925.	-18.107	18.037	6.08	5.1541	0.5424	561.
900.	-17.083	18.735	3.98	5.0527	0.5897	784.
850.	-15.247	16.934	0.66	4.5865	0.3747	1246.
800.	-12.536	18.861	-0.86	4.3721	-0.2276	1732.
700.	-4.146	21.974	-3.61	4.1012	-0.6415	2796.
600.	-0.282	21.405	-9.04	3.0493	-0.8149	4003.
500.	-1.519	18.286	-16.45	1.7295	-0.9322	5396.
400.	-2.032	27.036	-28.87	0.6947	-1.1006	7035.
300.	-5.752	30.138	-45.59	0.1357	-0.3455	9023.
250.	-2.740	37.439	-55.69	0.0474	-0.1026	10212.
200.	5.064	25.442	-54.18	0.0104	0.0339	11622.
150.	4.466	17.534	-54.52	0.0042	-0.0269	13481.
322.00	58.0	0	0	0	0	0
1000.	8.062	-9.551	5.67	4.4920	-0.0220	-83.
950.	9.495	-11.912	2.36	4.2617	-0.0288	335.
925.	9.078	-11.391	0.49	3.9670	-0.0270	550.
900.	9.096	-11.032	-1.26	3.7729	-0.0309	769.
850.	9.045	-10.447	-3.70	3.2780	0.0682	1223.
800.	8.031	-8.789	-5.83	2.3749	0.1637	1701.
700.	6.975	-6.451	-11.96	0.8726	0.1470	2736.
600.	6.825	-2.185	-21.13	0.3081	0.4904	3895.
500.	7.590	10.310	-26.57	0.0600	0.6190	5223.
400.	1.937	36.010	-33.26	0.3006	0.2516	6816.
300.	4.038	42.534	-46.38	0.0932	0.0885	8781.
250.	6.545	29.972	-51.41	0.0261	-0.1409	9976.
200.	5.662	11.727	-46.14	0.0051	0.0618	11439.
150.	4.126	6.484	-48.23	0.0033	-0.0327	13344.
323.00	58.0	0	0	0	0	0
1000.	7.063	-1.660	6.13	4.2741	-0.0025	-86.
950.	8.233	-2.207	2.76	4.0814	-0.0334	332.
925.	8.192	-2.137	0.78	3.9760	-0.0259	547.
900.	7.859	-2.071	-1.02	3.7784	-0.0327	767.
850.	8.284	-2.600	-4.17	3.1979	-0.0104	1221.
800.	6.624	-1.834	-5.12	1.6625	0.0835	1698.
700.	6.548	-2.556	-11.80	0.6131	0.3270	2735.
600.	5.454	4.952	-19.12	0.1565	0.3126	3896.
500.	5.870	17.926	-24.08	0.1349	0.4689	5243.
400.	-3.167	34.813	-32.78	0.4378	-0.0203	6839.
300.	2.211	40.193	-46.78	0.1087	-0.0489	8807.
250.	7.576	31.988	-52.64	0.0380	-0.1140	9999.
200.	3.227	14.533	-46.85	0.0052	0.0222	11452.
150.	3.839	9.573	-48.81	0.0032	0.0324	13350.
324.00	58.0	0	0	0	0	0
1000.	4.528	2.884	5.69	3.4589	-0.0415	-77.
950.	5.164	3.076	2.30	3.2787	0.0221	340.
925.	5.330	3.055	0.28	3.2534	0.0605	555.
900.	5.252	3.140	-1.64	3.0026	0.1100	774.
850.	5.693	2.629	-5.28	2.6496	0.2228	1226.
800.	5.636	1.508	-5.54	0.5939	0.2541	1702.
700.	6.845	-0.677	-11.98	0.3359	0.2429	2738.
600.	2.448	9.407	-15.87	0.1189	0.2143	3906.
500.	2.835	16.128	-24.49	0.3271	0.3501	5259.
400.	-4.876	33.600	-32.08	0.4765	0.0840	6861.
300.	1.768	36.995	-47.23	0.1037	0.1351	8830.
250.	6.418	31.433	-52.63	0.0537	-0.0380	10020.
200.	1.932	16.336	-49.44	0.0050	0.0208	11468.
150.	3.571	10.679	-49.36	0.0032	-0.0118	13360.
325.00	58.0	0	0	0	0	0
1000.	3.061	0.853	5.68	3.3659	-0.0472	-71.
950.	3.380	0.938	2.25	3.1559	0.0618	346.
925.	3.467	0.959	0.16	3.1230	0.1366	561.
900.	3.539	0.948	-1.99	3.0810	0.2067	780.
850.	3.260	1.256	-4.70	1.2763	0.2602	1232.
800.	4.593	0.244	-5.48	0.6186	0.2711	1709.
700.	4.028	2.485	-12.12	0.3517	0.3290	2742.
600.	1.684	8.763	-15.11	0.3276	0.3415	3916.
500.	-1.568	13.105	-23.47	0.5630	0.0643	5272.
400.	-5.999	32.088	-31.41	0.5133	0.0204	6881.
300.	1.176	33.868	-47.06	0.1043	0.1635	8852.
250.	1.629	32.945	-52.87	0.0543	-0.0368	10042.
200.	4.574	15.952	-50.81	0.0050	-0.0184	11486.
150.	4.312	12.255	-49.32	0.0032	-0.0659	13370.
326.00	58.0	0	0	0	0	0
1000.	1.194	-2.071	5.86	3.6859	-0.0213	-69.
950.	1.271	-2.275	2.39	3.4928	0.0380	349.
925.	1.229	-2.240	0.24	3.4506	0.0644	563.
900.	1.133	-1.905	-1.94	3.3514	0.0895	782.
850.	0.960	0.977	-4.13	1.2446	0.1769	1235.
800.	2.236	1.512	-5.10	0.6182	0.2928	1712.
700.	0.427	5.167	-10.99	0.5885	0.1323	2749.
600.	-1.755	7.014	-15.62	0.9978	0.1562	3923.
500.	-3.008	17.763	-21.28	1.1536	0.0396	5284.
400.	-5.618	32.170	-30.92	0.5374	0.0666	6902.
300.	-3.527	32.636	-47.07	0.1006	0.1895	8873.
250.	-2.185	35.759	-53.53	0.0313	-0.0018	10062.
200.	5.858	16.301	-50.79	0.0053	-0.0992	11502.
150.	3.518	14.852	-49.55	0.0032	0.0496	13379.
327.00	58.0	0	0	0	0	0
1000.	-1.254	-3.852	5.88	3.9298	-0.0219	-69.
950.	-1.366	-3.992	2.50	3.7591	-0.0159	349.
925.	-1.416	-3.873	0.54	3.7641	0.0000	564.
900.	-1.498	-3.452	-1.23	3.4670	0.0179	784.
850.	-1.451	-1.344	-3.81	2.5020	0.0916	1237.
800.	-1.924	1.166	-5.35	2.7382	0.0595	1715.
700.	-3.420	5.114	-10.46	2.2298	-0.2003	2753.
600.	-3.248	8.833	-14.75	1.6962	-0.1565	3930.
500.	-1.901	20.825	-20.18	1.2544	0.0583	5299.
400.	-3.854	29.917	-30.80	0.5196	0.0968	6921.
300.	-8.636	35.202	-46.87	0.0908	0.0637	8894.
250.	-4.080	38.318	-54.15	0.0188	0.0472	10081.
200.	5.914	17.437	-50.82	0.0060	-0.0756	11518.
150.	3.079	15.800	-50.74	0.0032	0.0370	13390.
328.00	58.0	0	0	0	0	0
1000.	-3.579	-3.497	5.96	4.8219	-0.0576	-70.
950.	-3.888	-3.498	2.52	4.4820	-0.0393	348.
925.	-3.588	-3.160	0.78	4.2500	-0.0436	563.
900.	-3.849	-2.890	-0.32	4.0776	-0.0329	783.
850.	-4.701	-0.277	-2.54	3.6655	-0.0982	1239.
800.	-5.115	4.018	-4.95	3.1447	-0.2329	1718.
700.	-5.231	6.549	-10.52	2.1772	-0.3146	2758.
600.	-1.191	13.372	-13.01	2.0936	-0.2380	3939.
500.	-1.815	22.510	-19.76	1.3263	-0.3001	5314.
400.	-3.194	29.139	-30.60	0.3152	0.0001	6939.
300.	-10.523	34.042	-46.65	0.1110	0.0149	8914.
250.	-6.265	40.205	-54.45	0.0339	0.0337	10100.
200.	5.352	19.546	-51.20	0.0081	-0.0475	11533.
150.	4.332	15.707	-51.35	0.0034	-0.0193	13404.
329.00	58.0	0	0	0	0	0
1000.	-5.722	-1.590	7.17	4.9044	-0.0578	-73.
950.	-7.203	-1.140	4.02	4.3768	-0.0337	347.
925.	-7.062	-1.191	1.62	4.4717	-0.0632	564.
900.	-6.645	-1.265	0.41	4.3446	-0.0970	784.
850.	-8.259	1.801	-1.66	3.8788	-0.1287	1241.
800.	-8.289	6.287	-3.93	3.3946	-0.2821	1722.
700.	-5.578	9.028	-9.32	2.4452	-0.3705	2766.
600.	-1.985	15.587	-12.34	2.1723	-0.2293	3951.
500.	-1.119	23.676	-19.01	1.4338	-0.1736	5329.
400.	-2.772	28.813	-30.42	0.5919	-0.1272	6957.
300.	-10.683	31.282	-46.68	0.1132	0.0950	8934.
250.	-8.094	42.794	-54.81	0.0384	0.0106	10120.
200.	5.179	20.833	-52.39	0.0102	0.0124	11548.
150.	5.183	15.857	-51.75	0.0035	-0.0268	13417.
330.00	58.0	0	0	0	0	0
1000.	-8.009	1.803	8.44	5.2616	-0.0539	-74.
950.	-10.589	3.760	5.27	4.6331	-0.2002	348.
925.	-10.407	3.750	2.93	4.6121	-0.3207	565.
900.	-9.787	2.792	1.10	4.5864	-0.4337	786.
850.	-11.083	3.168	-1.04	4.0934	-0.5602	1245.
800.	-11.608	6.898	-3.25	3.6377	-0.6965	1727.
700.	-6.287	12.172	-7.86	2.7721	-0.4988	2773.
600.	-1.885	15.742	-11.71	2.3964	-0.4113	3965.
500.	-1.429	21.274	-18.54	1.4822	-0.0488	5345.
400.	-1.737	28.155	-30.04	0.5986	-0.2055	6976.
300.	-9.363	31.499	-46.26	0.1218	-0.0486	8956.
250.	-7.845	42.916	-55.60	0.0458	0.0470	10142.
200.	6.129	21.439	-53.05	0.0101	-0.0446	11565.
150.	6.202	16.287	-52.27	0.0034	-0.0308	13431.
331.00	58.0	0	0	0	0	0
1000.	-8.712	4.888	9.03	5.5990	-0.0505	-72.
950.	-12.464	8.936	5.73	4.8169	-0.1672	351.
925.	-12.113	9.082	3.71	4.7011	-0.2765	569.
900.	-11.622	8.439	1.47	4.6872	-0.3823	790.
850.	-11.009	8.248	-0.44	4.2727	-0.5585	1249.
800.	-12.124	10.486	-2.79	3.7242	-0.6091	1733.
700.	-5.348	15.128	-6.75	3.1303	-0.5784	2782.
600.	-1.125	18.669	-10.76	2.5750	-0.5777	3979.
500.	-0.428	21.123	-18.02	1.5439	-0.4536	5362.
400.	-0.157	27.616	-29.78	0.6302	-0.1038	6996.
300.	-8.271	32.445	-45.91	0.1258	-0.2188	8978.
250.	-5.408	40.695	-55.66	0.0451	-0.0550	10165.
200.	6.336	23.356	-53.48	0.0099	-0.0140	11582.
150.	7.295	17.381	-52.71	0.0036	-0.0042	13443.
332.00	58.0	0	0	0	0	0
1000.	-8.828	6.044	9.53	5.7534	-0.0415	-66.
950.	-13.128	11.494	6.37	5.0728	-0.2019	358.
925.	-12.223	11.262	4.38	4.8723	-0.3011	576.
900.	-11.810	10.919	2.01	4.8401	-0.3851	798.
850.	-11.363	10.412	-0.09	4.5009	-0.6506	1258.
800.	-11.618	11.172	-2.35	3.8085	-0.7205	1743.
700.	-5.489	18.059	-6.10	3.3214	-0.3939	2793.
600.	-1.363	22.351	-10.44	2.6960	-0.5786	3993.
500.	-0.314	22.293	-17.38	1.6608	-0.6036	5379.
400.	0.927	24.299	-29.24	0.6252	-0.3426	7016.
300.	-6.130	31.251	-45.92	0.1350	-0.3507	9000.
250.	-2.931	40.412	-55.58	0.0479	-0.1172	10187.
200.	6.320	24.581	-54.27	0.0103	0.0385	11597.
150.	8.248	18.001	-53.39	0.0040	-0.0036	13456.
333.00	58.0	0	0	0	0	0
1000.	-9.415	8.008	9.98	5.9563	-0.0410	-58.
950.	-13.815	14.104	6.76	5.1772	-0.2871	366.
925.	-12.027	13.230	4.98	4.9290	-0.4396	585.
900.	-11.608	14.009	2.74	4.8432	-0.5565	808.
850.	-11.238	13.459	0.39	4.5569	-0.7731	1269.
800.	-10.424	12.672	-2.18	4.0287	-0.7058	1753.
700.	-5.798	20.521	-5.51	3.3787	-0.3901	2804.
600.	-1.213	23.870	-9.61	2.8942	-0.6174	4008.
500.	-2.553	24.613	-17.36	1.6358	-0.7344	5397.
400.	0.888	23.104	-28.64	0.6346	-0.4402	7034.
300.	-2.154	30.142	-45.86	0.1371	-0.2279	9021.
250.	0.090	38.921	-55.51	0.0492	0.0966	10208.
200.	5.786	23.869	-55.78	0.0111	-0.0421	11617.
150.	9.261	17.591	-53.80	0.0041	-0.0164	13469.
