 999.842594,   6.793952E-2,  -9.095290E-3,  1.001685E-4,  -1.120083E-6,  -6.536332e-9
   0.824493,    -4.0899e-3,     7.6438e-5,   -8.4267e-7,     5.3875e-9
 5.72466e-3,     1.0227e-4,    -1.6546e-6
  4.8314e-4
 1.965221e4,    1.484206e2,     -2.327105,  1.360477e-2,  -5.155288e-5
      54.76,     -0.603459,    1.09987e-2,   -6.1670e-5
   7.944e-2,     1.6483e-2,    -5.3009e-4
   3.239908,    1.43713e-3,    1.16092e-4,  -5.77905e-7
  2.2838e-3,    -1.0981e-5,    -1.6078e-6
 1.91075e-4
  8.50935e-5,  -6.12293e-6,     5.2787e-8
  -9.9348e-7,    2.0816e-8,     9.1697e-10

