   1    0.025  1.20571e+00  997.035
   2    0.050  1.20281e+00  994.078
   3    0.075  1.19992e+00  991.128
   4    0.100  1.19703e+00  988.184
   5    0.125  1.19415e+00  985.248
   6    0.150  1.19127e+00  982.319
   7    0.175  1.18840e+00  979.397
   8    0.200  1.18553e+00  976.482
   9    0.225  1.18267e+00  973.574
  10    0.250  1.17982e+00  970.673
  11    0.275  1.17697e+00  967.779
  12    0.300  1.17412e+00  964.892
  13    0.325  1.17128e+00  962.012
  14    0.350  1.16845e+00  959.139
  15    0.375  1.16562e+00  956.273
  16    0.400  1.16279e+00  953.414
  17    0.425  1.15998e+00  950.562
  18    0.450  1.15716e+00  947.716
  19    0.475  1.15435e+00  944.878
  20    0.500  1.15155e+00  942.046
  21    0.525  1.14875e+00  939.222
  22    0.550  1.14596e+00  936.404
  23    0.575  1.14317e+00  933.593
  24    0.600  1.14039e+00  930.789
  25    0.625  1.13761e+00  927.992
  26    0.650  1.13484e+00  925.201
  27    0.675  1.13208e+00  922.418
  28    0.700  1.12931e+00  919.641
  29    0.725  1.12656e+00  916.871
  30    0.750  1.12381e+00  914.107
  31    0.775  1.12106e+00  911.351
  32    0.800  1.11832e+00  908.601
  33    0.825  1.11558e+00  905.858
  34    0.850  1.11285e+00  903.121
  35    0.875  1.11013e+00  900.392
  36    0.900  1.10741e+00  897.669
  37    0.925  1.10469e+00  894.952
  38    0.950  1.10198e+00  892.242
  39    0.975  1.09928e+00  889.539
  40    1.000  1.09658e+00  886.843
  41    1.025  1.09388e+00  884.153
  42    1.050  1.09119e+00  881.470
  43    1.075  1.08851e+00  878.793
  44    1.100  1.08583e+00  876.123
  45    1.125  1.08315e+00  873.460
  46    1.150  1.08048e+00  870.803
  47    1.175  1.07782e+00  868.153
  48    1.200  1.07516e+00  865.509
  49    1.225  1.07250e+00  862.872
  50    1.250  1.06985e+00  860.241
  51    1.275  1.06721e+00  857.617
  52    1.300  1.06457e+00  854.999
  53    1.325  1.06193e+00  852.387
  54    1.350  1.05930e+00  849.783
  55    1.375  1.05668e+00  847.184
  56    1.400  1.05406e+00  844.592
  57    1.425  1.05145e+00  842.007
  58    1.450  1.04884e+00  839.428
  59    1.475  1.04623e+00  836.855
  60    1.500  1.04363e+00  834.289
  61    1.525  1.04104e+00  831.729
  62    1.550  1.03845e+00  829.175
  63    1.575  1.03586e+00  826.628
  64    1.600  1.03328e+00  824.087
  65    1.625  1.03071e+00  821.552
  66    1.650  1.02814e+00  819.024
  67    1.675  1.02557e+00  816.502
  68    1.700  1.02301e+00  813.986
  69    1.725  1.02045e+00  811.477
  70    1.750  1.01790e+00  808.974
  71    1.775  1.01536e+00  806.477
  72    1.800  1.01282e+00  803.986
  73    1.825  1.01028e+00  801.502
  74    1.850  1.00775e+00  799.024
  75    1.875  1.00522e+00  796.552
  76    1.900  1.00270e+00  794.086
  77    1.925  1.00019e+00  791.627
  78    1.950  9.97674e-01  789.173
  79    1.975  9.95167e-01  786.726
  80    2.000  9.92665e-01  784.285
  81    2.025  9.90168e-01  781.850
  82    2.050  9.87675e-01  779.421
  83    2.075  9.85188e-01  776.998
  84    2.100  9.82705e-01  774.582
  85    2.125  9.80227e-01  772.171
  86    2.150  9.77753e-01  769.767
  87    2.175  9.75285e-01  767.368
  88    2.200  9.72821e-01  764.976
  89    2.225  9.70362e-01  762.590
  90    2.250  9.67908e-01  760.210
  91    2.275  9.65458e-01  757.835
  92    2.300  9.63013e-01  755.467
  93    2.325  9.60573e-01  753.105
  94    2.350  9.58138e-01  750.749
  95    2.375  9.55707e-01  748.398
  96    2.400  9.53281e-01  746.054
  97    2.425  9.50860e-01  743.716
  98    2.450  9.48444e-01  741.383
  99    2.475  9.46032e-01  739.057
 100    2.500  9.43625e-01  736.736
 101    2.525  9.41223e-01  734.421
 102    2.550  9.38825e-01  732.113
 103    2.575  9.36432e-01  729.810
 104    2.600  9.34044e-01  727.513
 105    2.625  9.31660e-01  725.222
 106    2.650  9.29281e-01  722.936
 107    2.675  9.26907e-01  720.657
 108    2.700  9.24537e-01  718.383
 109    2.725  9.22172e-01  716.115
 110    2.750  9.19812e-01  713.853
 111    2.775  9.17456e-01  711.597
 112    2.800  9.15104e-01  709.346
 113    2.825  9.12758e-01  707.102
 114    2.850  9.10416e-01  704.863
 115    2.875  9.08079e-01  702.629
 116    2.900  9.05746e-01  700.402
 117    2.925  9.03418e-01  698.180
 118    2.950  9.01094e-01  695.964
 119    2.975  8.98775e-01  693.754
 120    3.000  8.96460e-01  691.549
 121    3.025  8.94150e-01  689.350
 122    3.050  8.91845e-01  687.157
 123    3.075  8.89544e-01  684.969
 124    3.100  8.87248e-01  682.787
 125    3.125  8.84956e-01  680.611
 126    3.150  8.82669e-01  678.440
 127    3.175  8.80386e-01  676.275
 128    3.200  8.78108e-01  674.115
 129    3.225  8.75835e-01  671.961
 130    3.250  8.73565e-01  669.813
 131    3.275  8.71301e-01  667.670
 132    3.300  8.69041e-01  665.532
 133    3.325  8.66785e-01  663.401
 134    3.350  8.64534e-01  661.275
 135    3.375  8.62287e-01  659.154
 136    3.400  8.60045e-01  657.039
 137    3.425  8.57807e-01  654.929
 138    3.450  8.55574e-01  652.825
 139    3.475  8.53345e-01  650.726
 140    3.500  8.51121e-01  648.633
 141    3.525  8.48901e-01  646.545
 142    3.550  8.46685e-01  644.463
 143    3.575  8.44474e-01  642.386
 144    3.600  8.42267e-01  640.314
 145    3.625  8.40065e-01  638.248
 146    3.650  8.37867e-01  636.187
 147    3.675  8.35674e-01  634.132
 148    3.700  8.33485e-01  632.082
 149    3.725  8.31300e-01  630.038
 150    3.750  8.29120e-01  627.998
 151    3.775  8.26944e-01  625.965
 152    3.800  8.24772e-01  623.936
 153    3.825  8.22605e-01  621.913
 154    3.850  8.20442e-01  619.895
 155    3.875  8.18284e-01  617.883
 156    3.900  8.16130e-01  615.875
 157    3.925  8.13980e-01  613.873
 158    3.950  8.11834e-01  611.877
 159    3.975  8.09693e-01  609.885
 160    4.000  8.07556e-01  607.899
 161    4.025  8.05424e-01  605.918
 162    4.050  8.03296e-01  603.942
 163    4.075  8.01172e-01  601.972
 164    4.100  7.99052e-01  600.006
 165    4.125  7.96937e-01  598.046
 166    4.150  7.94826e-01  596.091
 167    4.175  7.92719e-01  594.142
 168    4.200  7.90617e-01  592.197
 169    4.225  7.88519e-01  590.258
 170    4.250  7.86425e-01  588.324
 171    4.275  7.84335e-01  586.394
 172    4.300  7.82250e-01  584.470
 173    4.325  7.80169e-01  582.552
 174    4.350  7.78092e-01  580.638
 175    4.375  7.76019e-01  578.729
 176    4.400  7.73950e-01  576.825
 177    4.425  7.71886e-01  574.927
 178    4.450  7.69826e-01  573.033
 179    4.475  7.67770e-01  571.145
 180    4.500  7.65719e-01  569.262
 181    4.525  7.63671e-01  567.383
 182    4.550  7.61628e-01  565.510
 183    4.575  7.59589e-01  563.642
 184    4.600  7.57554e-01  561.778
 185    4.625  7.55524e-01  559.920
 186    4.650  7.53497e-01  558.067
 187    4.675  7.51475e-01  556.218
 188    4.700  7.49456e-01  554.375
 189    4.725  7.47442e-01  552.537
 190    4.750  7.45433e-01  550.703
 191    4.775  7.43427e-01  548.874
 192    4.800  7.41425e-01  547.051
 193    4.825  7.39428e-01  545.232
 194    4.850  7.37434e-01  543.418
 195    4.875  7.35445e-01  541.609
 196    4.900  7.33460e-01  539.805
 197    4.925  7.31479e-01  538.006
 198    4.950  7.29502e-01  536.212
 199    4.975  7.27529e-01  534.422
 200    5.000  7.25560e-01  532.637
 201    5.025  7.23595e-01  530.858
 202    5.050  7.21635e-01  529.083
 203    5.075  7.19678e-01  527.312
 204    5.100  7.17725e-01  525.547
 205    5.125  7.15777e-01  523.786
 206    5.150  7.13833e-01  522.030
 207    5.175  7.11892e-01  520.279
 208    5.200  7.09956e-01  518.533
 209    5.225  7.08024e-01  516.791
 210    5.250  7.06095e-01  515.055
 211    5.275  7.04171e-01  513.323
 212    5.300  7.02251e-01  511.595
 213    5.325  7.00335e-01  509.872
 214    5.350  6.98422e-01  508.155
 215    5.375  6.96514e-01  506.441
 216    5.400  6.94610e-01  504.733
 217    5.425  6.92710e-01  503.029
 218    5.450  6.90813e-01  501.329
 219    5.475  6.88921e-01  499.635
 220    5.500  6.87033e-01  497.945
 221    5.525  6.85148e-01  496.259
 222    5.550  6.83268e-01  494.579
 223    5.575  6.81391e-01  492.903
 224    5.600  6.79519e-01  491.231
 225    5.625  6.77650e-01  489.564
 226    5.650  6.75786e-01  487.902
 227    5.675  6.73925e-01  486.244
 228    5.700  6.72068e-01  484.591
 229    5.725  6.70215e-01  482.942
 230    5.750  6.68366e-01  481.298
 231    5.775  6.66521e-01  479.659
 232    5.800  6.64680e-01  478.024
 233    5.825  6.62843e-01  476.393
 234    5.850  6.61009e-01  474.767
 235    5.875  6.59180e-01  473.146
 236    5.900  6.57354e-01  471.529
 237    5.925  6.55532e-01  469.916
 238    5.950  6.53714e-01  468.308
 239    5.975  6.51900e-01  466.704
 240    6.000  6.50090e-01  465.105
 241    6.025  6.48284e-01  463.510
 242    6.050  6.46481e-01  461.920
 243    6.075  6.44683e-01  460.334
 244    6.100  6.42888e-01  458.753
 245    6.125  6.41097e-01  457.176
 246    6.150  6.39310e-01  455.603
 247    6.175  6.37526e-01  454.035
 248    6.200  6.35747e-01  452.471
 249    6.225  6.33971e-01  450.911
 250    6.250  6.32199e-01  449.356
 251    6.275  6.30431e-01  447.805
 252    6.300  6.28666e-01  446.259
 253    6.325  6.26906e-01  444.716
 254    6.350  6.25149e-01  443.179
 255    6.375  6.23396e-01  441.645
 256    6.400  6.21647e-01  440.116
 257    6.425  6.19901e-01  438.591
 258    6.450  6.18159e-01  437.070
 259    6.475  6.16421e-01  435.554
 260    6.500  6.14687e-01  434.041
 261    6.525  6.12956e-01  432.534
 262    6.550  6.11230e-01  431.030
 263    6.575  6.09506e-01  429.531
 264    6.600  6.07787e-01  428.035
 265    6.625  6.06071e-01  426.544
 266    6.650  6.04359e-01  425.058
 267    6.675  6.02651e-01  423.575
 268    6.700  6.00947e-01  422.097
 269    6.725  5.99246e-01  420.622
 270    6.750  5.97549e-01  419.152
 271    6.775  5.95855e-01  417.687
 272    6.800  5.94165e-01  416.225
 273    6.825  5.92479e-01  414.767
 274    6.850  5.90796e-01  413.314
 275    6.875  5.89118e-01  411.865
 276    6.900  5.87442e-01  410.419
 277    6.925  5.85771e-01  408.978
 278    6.950  5.84103e-01  407.541
 279    6.975  5.82439e-01  406.108
 280    7.000  5.80778e-01  404.680
 281    7.025  5.79121e-01  403.255
 282    7.050  5.77468e-01  401.834
 283    7.075  5.75818e-01  400.418
 284    7.100  5.74172e-01  399.005
 285    7.125  5.72529e-01  397.596
 286    7.150  5.70890e-01  396.192
 287    7.175  5.69255e-01  394.791
 288    7.200  5.67623e-01  393.395
 289    7.225  5.65995e-01  392.003
 290    7.250  5.64370e-01  390.614
 291    7.275  5.62749e-01  389.230
 292    7.300  5.61131e-01  387.849
 293    7.325  5.59517e-01  386.473
 294    7.350  5.57907e-01  385.100
 295    7.375  5.56300e-01  383.731
 296    7.400  5.54697e-01  382.367
 297    7.425  5.53097e-01  381.006
 298    7.450  5.51501e-01  379.649
 299    7.475  5.49908e-01  378.296
 300    7.500  5.48319e-01  376.947
 301    7.525  5.46733e-01  375.602
 302    7.550  5.45151e-01  374.261
 303    7.575  5.43572e-01  372.923
 304    7.600  5.41997e-01  371.590
 305    7.625  5.40426e-01  370.260
 306    7.650  5.38857e-01  368.935
 307    7.675  5.37293e-01  367.613
 308    7.700  5.35731e-01  366.295
 309    7.725  5.34174e-01  364.980
 310    7.750  5.32619e-01  363.670
 311    7.775  5.31069e-01  362.363
 312    7.800  5.29521e-01  361.061
 313    7.825  5.27977e-01  359.762
 314    7.850  5.26437e-01  358.466
 315    7.875  5.24900e-01  357.175
 316    7.900  5.23366e-01  355.887
 317    7.925  5.21836e-01  354.603
 318    7.950  5.20309e-01  353.323
 319    7.975  5.18786e-01  352.047
 320    8.000  5.17266e-01  350.774
 321    8.025  5.15750e-01  349.505
 322    8.050  5.14237e-01  348.240
 323    8.075  5.12727e-01  346.978
 324    8.100  5.11221e-01  345.720
 325    8.125  5.09718e-01  344.466
 326    8.150  5.08218e-01  343.216
 327    8.175  5.06722e-01  341.969
 328    8.200  5.05229e-01  340.726
 329    8.225  5.03740e-01  339.487
 330    8.250  5.02254e-01  338.251
 331    8.275  5.00771e-01  337.019
 332    8.300  4.99292e-01  335.790
 333    8.325  4.97816e-01  334.565
 334    8.350  4.96343e-01  333.344
 335    8.375  4.94874e-01  332.127
 336    8.400  4.93408e-01  330.912
 337    8.425  4.91945e-01  329.702
 338    8.450  4.90486e-01  328.495
 339    8.475  4.89030e-01  327.292
 340    8.500  4.87577e-01  326.092
 341    8.525  4.86128e-01  324.896
 342    8.550  4.84682e-01  323.704
 343    8.575  4.83239e-01  322.515
 344    8.600  4.81799e-01  321.329
 345    8.625  4.80363e-01  320.147
 346    8.650  4.78930e-01  318.969
 347    8.675  4.77500e-01  317.794
 348    8.700  4.76074e-01  316.622
 349    8.725  4.74651e-01  315.454
 350    8.750  4.73231e-01  314.290
 351    8.775  4.71814e-01  313.129
 352    8.800  4.70401e-01  311.972
 353    8.825  4.68991e-01  310.818
 354    8.850  4.67584e-01  309.667
 355    8.875  4.66180e-01  308.520
 356    8.900  4.64779e-01  307.376
 357    8.925  4.63382e-01  306.236
 358    8.950  4.61988e-01  305.099
 359    8.975  4.60597e-01  303.966
 360    9.000  4.59210e-01  302.836
 361    9.025  4.57825e-01  301.709
 362    9.050  4.56444e-01  300.586
 363    9.075  4.55066e-01  299.467
 364    9.100  4.53691e-01  298.350
 365    9.125  4.52319e-01  297.237
 366    9.150  4.50951e-01  296.127
 367    9.175  4.49585e-01  295.021
 368    9.200  4.48223e-01  293.918
 369    9.225  4.46864e-01  292.819
 370    9.250  4.45508e-01  291.722
 371    9.275  4.44156e-01  290.629
 372    9.300  4.42806e-01  289.540
 373    9.325  4.41460e-01  288.453
 374    9.350  4.40116e-01  287.370
 375    9.375  4.38776e-01  286.291
 376    9.400  4.37439e-01  285.214
 377    9.425  4.36105e-01  284.141
 378    9.450  4.34775e-01  283.071
 379    9.475  4.33447e-01  282.005
 380    9.500  4.32122e-01  280.941
 381    9.525  4.30801e-01  279.881
 382    9.550  4.29482e-01  278.824
 383    9.575  4.28167e-01  277.771
 384    9.600  4.26855e-01  276.720
 385    9.625  4.25546e-01  275.673
 386    9.650  4.24240e-01  274.629
 387    9.675  4.22937e-01  273.588
 388    9.700  4.21637e-01  272.551
 389    9.725  4.20340e-01  271.516
 390    9.750  4.19046e-01  270.485
 391    9.775  4.17755e-01  269.457
 392    9.800  4.16467e-01  268.432
 393    9.825  4.15183e-01  267.411
 394    9.850  4.13901e-01  266.392
 395    9.875  4.12622e-01  265.377
 396    9.900  4.11347e-01  264.364
 397    9.925  4.10074e-01  263.355
 398    9.950  4.08805e-01  262.349
 399    9.975  4.07538e-01  261.346
 400   10.000  4.06275e-01  260.346
 401   10.025  4.05014e-01  259.350
 402   10.050  4.03756e-01  258.356
 403   10.075  4.02502e-01  257.366
 404   10.100  4.01250e-01  256.378
 405   10.125  4.00002e-01  255.394
 406   10.150  3.98756e-01  254.412
 407   10.175  3.97513e-01  253.434
 408   10.200  3.96274e-01  252.459
 409   10.225  3.95037e-01  251.487
 410   10.250  3.93803e-01  250.518
 411   10.275  3.92572e-01  249.552
 412   10.300  3.91344e-01  248.588
 413   10.325  3.90119e-01  247.628
 414   10.350  3.88897e-01  246.671
 415   10.375  3.87678e-01  245.717
 416   10.400  3.86462e-01  244.766
 417   10.425  3.85249e-01  243.818
 418   10.450  3.84039e-01  242.873
 419   10.475  3.82831e-01  241.931
 420   10.500  3.81627e-01  240.991
 421   10.525  3.80425e-01  240.055
 422   10.550  3.79226e-01  239.122
 423   10.575  3.78030e-01  238.192
 424   10.600  3.76838e-01  237.264
 425   10.625  3.75648e-01  236.340
 426   10.650  3.74460e-01  235.418
 427   10.675  3.73276e-01  234.499
 428   10.700  3.72095e-01  233.584
 429   10.725  3.70916e-01  232.671
 430   10.750  3.69740e-01  231.761
 431   10.775  3.68567e-01  230.854
 432   10.800  3.67397e-01  229.949
 433   10.825  3.66230e-01  229.048
 434   10.850  3.65066e-01  228.150
 435   10.875  3.63904e-01  227.254
 436   10.900  3.62746e-01  226.361
 437   10.925  3.61590e-01  225.471
 438   10.950  3.60437e-01  224.584
 439   10.975  3.59287e-01  223.700
 440   11.000  3.58139e-01  222.818
 441   11.025  3.56995e-01  221.940
 442   11.050  3.55853e-01  221.064
 443   11.075  3.54714e-01  220.191
 444   11.100  3.53578e-01  219.321
 445   11.125  3.52444e-01  218.453
 446   11.150  3.51314e-01  217.589
 447   11.175  3.50186e-01  216.727
 448   11.200  3.49061e-01  215.868
 449   11.225  3.47938e-01  215.011
 450   11.250  3.46819e-01  214.158
 451   11.275  3.45702e-01  213.307
 452   11.300  3.44588e-01  212.459
 453   11.325  3.43477e-01  211.613
 454   11.350  3.42368e-01  210.771
 455   11.375  3.41262e-01  209.931
 456   11.400  3.40159e-01  209.093
 457   11.425  3.39059e-01  208.259
 458   11.450  3.37961e-01  207.427
 459   11.475  3.36866e-01  206.598
 460   11.500  3.35774e-01  205.771
 461   11.525  3.34685e-01  204.948
 462   11.550  3.33598e-01  204.126
 463   11.575  3.32514e-01  203.308
 464   11.600  3.31432e-01  202.492
 465   11.625  3.30354e-01  201.679
 466   11.650  3.29278e-01  200.869
 467   11.675  3.28204e-01  200.061
 468   11.700  3.27134e-01  199.256
 469   11.725  3.26066e-01  198.453
 470   11.750  3.25001e-01  197.653
 471   11.775  3.23938e-01  196.856
 472   11.800  3.22878e-01  196.061
 473   11.825  3.21821e-01  195.269
 474   11.850  3.20766e-01  194.479
 475   11.875  3.19714e-01  193.692
 476   11.900  3.18665e-01  192.908
 477   11.925  3.17618e-01  192.126
 478   11.950  3.16574e-01  191.347
 479   11.975  3.15532e-01  190.570
 480   12.000  3.14494e-01  189.796
 481   12.025  3.13457e-01  189.024
 482   12.050  3.12424e-01  188.255
 483   12.075  3.11393e-01  187.489
 484   12.100  3.10364e-01  186.725
 485   12.125  3.09338e-01  185.964
 486   12.150  3.08315e-01  185.205
 487   12.175  3.07295e-01  184.448
 488   12.200  3.06277e-01  183.694
 489   12.225  3.05261e-01  182.943
 490   12.250  3.04248e-01  182.194
 491   12.275  3.03238e-01  181.447
 492   12.300  3.02230e-01  180.703
 493   12.325  3.01225e-01  179.962
 494   12.350  3.00222e-01  179.223
 495   12.375  2.99222e-01  178.486
 496   12.400  2.98225e-01  177.752
 497   12.425  2.97230e-01  177.021
 498   12.450  2.96238e-01  176.291
 499   12.475  2.95248e-01  175.565
 500   12.500  2.94260e-01  174.840
 501   12.525  2.93276e-01  174.118
 502   12.550  2.92293e-01  173.399
 503   12.575  2.91313e-01  172.682
 504   12.600  2.90336e-01  171.967
 505   12.625  2.89361e-01  171.255
 506   12.650  2.88389e-01  170.545
 507   12.675  2.87419e-01  169.837
 508   12.700  2.86452e-01  169.132
 509   12.725  2.85487e-01  168.429
 510   12.750  2.84525e-01  167.729
 511   12.775  2.83565e-01  167.031
 512   12.800  2.82608e-01  166.335
 513   12.825  2.81653e-01  165.642
 514   12.850  2.80701e-01  164.951
 515   12.875  2.79751e-01  164.262
 516   12.900  2.78804e-01  163.576
 517   12.925  2.77859e-01  162.891
 518   12.950  2.76916e-01  162.210
 519   12.975  2.75976e-01  161.530
 520   13.000  2.75038e-01  160.853
 521   13.025  2.74103e-01  160.178
 522   13.050  2.73170e-01  159.506
 523   13.075  2.72240e-01  158.836
 524   13.100  2.71312e-01  158.168
 525   13.125  2.70387e-01  157.502
 526   13.150  2.69464e-01  156.839
 527   13.175  2.68543e-01  156.178
 528   13.200  2.67625e-01  155.519
 529   13.225  2.66709e-01  154.862
 530   13.250  2.65796e-01  154.208
 531   13.275  2.64884e-01  153.556
 532   13.300  2.63976e-01  152.906
 533   13.325  2.63070e-01  152.258
 534   13.350  2.62166e-01  151.613
 535   13.375  2.61264e-01  150.970
 536   13.400  2.60365e-01  150.329
 537   13.425  2.59468e-01  149.690
 538   13.450  2.58574e-01  149.053
 539   13.475  2.57682e-01  148.419
 540   13.500  2.56792e-01  147.786
 541   13.525  2.55905e-01  147.156
 542   13.550  2.55020e-01  146.529
 543   13.575  2.54137e-01  145.903
 544   13.600  2.53257e-01  145.279
 545   13.625  2.52379e-01  144.658
 546   13.650  2.51503e-01  144.039
 547   13.675  2.50630e-01  143.422
 548   13.700  2.49759e-01  142.807
 549   13.725  2.48890e-01  142.194
 550   13.750  2.48024e-01  141.583
 551   13.775  2.47160e-01  140.975
 552   13.800  2.46298e-01  140.368
 553   13.825  2.45439e-01  139.764
 554   13.850  2.44582e-01  139.162
 555   13.875  2.43727e-01  138.562
 556   13.900  2.42874e-01  137.964
 557   13.925  2.42024e-01  137.368
 558   13.950  2.41176e-01  136.774
 559   13.975  2.40330e-01  136.182
 560   14.000  2.39487e-01  135.593
 561   14.025  2.38645e-01  135.005
 562   14.050  2.37807e-01  134.420
 563   14.075  2.36970e-01  133.836
 564   14.100  2.36135e-01  133.255
 565   14.125  2.35303e-01  132.675
 566   14.150  2.34473e-01  132.098
 567   14.175  2.33646e-01  131.523
 568   14.200  2.32820e-01  130.950
 569   14.225  2.31997e-01  130.378
 570   14.250  2.31176e-01  129.809
 571   14.275  2.30357e-01  129.242
 572   14.300  2.29541e-01  128.677
 573   14.325  2.28726e-01  128.114
 574   14.350  2.27914e-01  127.552
 575   14.375  2.27104e-01  126.993
 576   14.400  2.26297e-01  126.436
 577   14.425  2.25491e-01  125.881
 578   14.450  2.24688e-01  125.327
 579   14.475  2.23887e-01  124.776
 580   14.500  2.23088e-01  124.227
 581   14.525  2.22291e-01  123.680
 582   14.550  2.21497e-01  123.134
 583   14.575  2.20704e-01  122.591
 584   14.600  2.19914e-01  122.049
 585   14.625  2.19126e-01  121.510
 586   14.650  2.18340e-01  120.972
 587   14.675  2.17556e-01  120.436
 588   14.700  2.16775e-01  119.902
 589   14.725  2.15995e-01  119.371
 590   14.750  2.15218e-01  118.841
 591   14.775  2.14443e-01  118.313
 592   14.800  2.13670e-01  117.786
 593   14.825  2.12899e-01  117.262
 594   14.850  2.12130e-01  116.740
 595   14.875  2.11364e-01  116.219
 596   14.900  2.10599e-01  115.701
 597   14.925  2.09837e-01  115.184
 598   14.950  2.09076e-01  114.669
 599   14.975  2.08318e-01  114.156
 600   15.000  2.07562e-01  113.645
 601   15.025  2.06808e-01  113.136
 602   15.050  2.06056e-01  112.628
 603   15.075  2.05307e-01  112.123
 604   15.100  2.04559e-01  111.619
 605   15.125  2.03813e-01  111.117
 606   15.150  2.03070e-01  110.617
 607   15.175  2.02328e-01  110.119
 608   15.200  2.01589e-01  109.622
 609   15.225  2.00852e-01  109.128
 610   15.250  2.00117e-01  108.635
 611   15.275  1.99383e-01  108.144
 612   15.300  1.98652e-01  107.655
 613   15.325  1.97923e-01  107.167
 614   15.350  1.97196e-01  106.682
 615   15.375  1.96471e-01  106.198
 616   15.400  1.95748e-01  105.716
 617   15.425  1.95027e-01  105.235
 618   15.450  1.94309e-01  104.757
 619   15.475  1.93592e-01  104.280
 620   15.500  1.92877e-01  103.805
 621   15.525  1.92164e-01  103.332
 622   15.550  1.91453e-01  102.860
 623   15.575  1.90745e-01  102.391
 624   15.600  1.90038e-01  101.923
 625   15.625  1.89333e-01  101.456
 626   15.650  1.88630e-01  100.992
 627   15.675  1.87930e-01  100.529
 628   15.700  1.87231e-01  100.068
 629   15.725  1.86534e-01   99.608
 630   15.750  1.85839e-01   99.151
 631   15.775  1.85147e-01   98.695
 632   15.800  1.84456e-01   98.241
 633   15.825  1.83767e-01   97.788
 634   15.850  1.83080e-01   97.337
 635   15.875  1.82395e-01   96.888
 636   15.900  1.81712e-01   96.440
 637   15.925  1.81031e-01   95.994
 638   15.950  1.80352e-01   95.550
 639   15.975  1.79675e-01   95.108
 640   16.000  1.79000e-01   94.667
